5 5 5 0
8 0 0 0
10 0 4 0
11 0 0 0
12 0 5 0
13 0 3 0
14 0 2 0
15 0 2 0
16 0 4 0
17 0 4 0
18 0 2 0
19 0 5 0
20 0 4 0
21 0 0 0
22 0 14 0
23 0 8 0
25 0 5 0
26 0 3 0
27 0 10 0
28 0 8 0
29 0 2 0
30 0 0 0
31 0 5 0
32 0 5 0
33 1 1 0
34 0 5 0
35 0 2 0
36 0 6 0
37 0 5 0
38 0 3 0
39 0 1 0
40 0 4 0
41 0 8 0
42 0 8 0
43 0 0 0
44 0 6 0
45 0 3 0
46 0 0 0
47 0 1 0
48 0 0 0
49 0 3 0
50 0 6 0
51 0 0 0
52 0 4 0
53 0 4 0
54 0 1 0
55 0 6 0
57 0 0 0
58 0 3 0
59 0 8 0
60 0 7 0
61 0 3 0
62 0 3 0
63 0 2 0
64 0 3 0
65 0 2 0
66 0 0 0
67 0 5 0
68 0 0 0
69 0 4 0
70 0 0 0
72 0 1 0
73 0 5 0
74 0 1 0
75 0 3 0
76 0 6 0
77 0 1 0
78 0 4 0
79 0 4 0
80 0 0 0
81 0 5 0
82 0 6 0
83 0 6 0
84 0 0 0
85 0 2 0
86 0 5 0
87 0 4 0
88 0 0 0
89 0 2 0
90 0 0 0
91 0 5 0
92 0 3 0
93 0 4 0
94 0 1 0
95 0 0 0
96 0 1 0
98 0 1 0
99 0 11 0
100 0 0 0
101 0 1 0
102 0 6 0
103 0 0 0
104 0 0 0
105 0 4 0
106 0 2 0
107 0 14 0
108 0 3 0
109 0 1 0
110 0 0 0
111 0 0 0
112 0 4 0
113 0 0 0
114 0 1 0
115 0 5 0
116 0 4 0
117 0 10 0
118 0 1 0
119 0 7 0
120 0 3 0
121 0 2 0
122 0 1 0
123 0 1 0
124 0 7 0
125 0 6 0
126 0 0 0
127 0 4 0
128 0 6 0
130 0 1 0
131 0 1 0
132 0 2 0
133 0 4 0
134 0 2 0
135 0 7 0
136 0 2 0
137 0 4 0
138 0 5 0
139 0 0 0
140 0 5 0
141 0 3 0
142 0 9 0
144 0 8 0
145 0 2 0
146 0 6 0
147 0 6 0
148 0 3 0
149 0 2 0
150 0 4 0
151 0 0 0
152 0 1 0
153 0 1 0
154 0 0 0
155 0 4 0
156 0 2 0
157 0 0 0
158 0 0 0
159 0 6 0
160 0 0 0
161 0 2 0
162 0 0 0
163 0 4 0
164 0 6 0
165 0 3 0
166 0 5 0
167 2 3 0
168 0 2 0
169 0 4 0
170 0 3 0
171 0 0 0
172 0 1 0
173 0 0 0
174 0 8 0
175 0 2 0
176 0 8 0
177 0 2 0
178 0 5 0
180 0 5 0
181 0 5 0
183 0 8 0
184 0 3 0
185 0 1 0
186 0 2 0
187 0 2 0
188 0 6 0
189 0 2 0
190 0 3 0
191 1 8 0
192 0 6 0
193 0 8 0
194 0 1 0
195 0 3 0
196 0 1 0
197 0 3 0
198 0 2 0
200 0 6 0
201 0 5 0
202 0 0 0
203 0 3 0
204 0 8 0
205 0 7 0
206 0 8 0
207 0 2 0
208 0 8 0
209 0 0 0
210 0 0 0
211 0 1 0
212 0 9 0
213 0 7 0
214 0 0 0
215 0 5 0
216 0 4 0
217 0 2 0
218 0 6 0
219 0 2 0
220 0 5 0
221 0 8 0
222 3 6 0
223 0 1 0
224 0 0 0
225 0 0 0
226 0 3 0
227 0 2 0
228 0 1 0
229 0 1 0
230 0 3 0
231 0 2 0
232 0 6 0
233 0 10 0
234 0 0 0
235 0 4 0
236 0 0 0
237 0 0 0
238 0 1 0
239 0 0 0
240 0 5 0
241 0 2 0
242 0 1 0
243 0 0 0
244 0 1 0
245 0 8 0
246 0 3 0
247 0 4 0
248 0 3 0
249 0 7 0
250 0 1 0
251 0 0 0
252 0 10 0
253 0 1 0
254 0 2 0
255 0 1 0
256 0 2 0
257 0 3 0
258 0 8 0
259 0 0 0
260 1 1 0
261 0 0 0
262 0 0 0
263 0 0 0
264 0 4 0
265 0 4 0
266 0 1 0
267 0 1 0
268 0 0 0
269 0 2 0
270 0 5 0
271 0 1 0
272 0 3 0
273 0 3 0
274 0 1 0
276 0 2 0
277 0 4 0
278 0 0 0
279 0 0 0
280 0 2 0
281 0 4 0
282 0 0 0
283 0 0 0
284 0 0 0
285 0 3 0
286 0 3 0
287 0 2 0
289 0 5 0
290 0 3 0
291 0 14 0
292 0 4 0
293 0 1 0
294 0 1 0
295 0 0 0
296 0 0 0
297 0 1 0
298 0 3 0
299 0 4 0
300 0 4 0
301 0 0 0
302 0 8 0
303 0 2 0
304 0 0 0
305 0 0 0
306 0 6 0
307 0 6 0
309 0 2 0
310 0 8 0
311 0 0 0
312 0 3 0
313 0 0 0
314 0 0 0
315 0 6 0
316 0 1 0
317 0 0 0
318 0 3 0
319 0 2 0
320 0 0 0
321 0 3 0
322 0 2 0
323 0 4 0
324 0 2 0
325 0 4 0
326 0 2 0
328 1 3 0
329 0 1 0
331 2 8 0
332 0 6 0
333 0 0 0
334 0 0 0
335 0 0 0
339 1 9 0
340 1 4 11
341 1 10 11
342 1 4 21
343 1 4 21
344 1 12 43
345 1 1 43
346 1 8 46
347 1 6 46
348 1 8 51
349 1 5 51
350 1 6 57
352 1 10 68
353 1 6 68
354 1 8 70
355 1 7 70
356 1 1 0
358 1 6 80
359 1 6 80
360 1 6 84
361 1 8 84
362 1 4 88
363 1 8 88
364 1 1 0
367 1 1 100
369 1 8 104
370 1 10 104
371 1 4 110
372 1 8 110
373 1 4 111
374 1 6 111
375 1 4 113
376 1 6 113
379 1 6 139
380 1 8 139
381 1 4 151
382 1 5 151
383 1 4 154
384 1 3 154
385 1 6 158
386 1 7 158
387 1 5 171
388 1 1 171
389 1 10 173
390 1 8 173
393 1 8 202
394 1 8 202
395 1 8 209
396 1 1 209
397 1 5 214
398 1 4 214
399 1 5 224
400 1 8 224
401 1 8 234
402 1 8 234
403 1 3 237
404 1 2 237
405 1 4 239
406 1 1 239
407 1 9 243
408 1 5 243
409 1 10 261
410 1 5 261
411 1 8 262
412 1 10 262
413 1 8 263
414 1 4 263
415 1 4 268
416 1 4 268
417 1 2 278
418 1 4 278
419 1 5 279
420 1 6 279
421 1 4 283
422 1 2 283
424 1 3 0
426 1 9 305
427 1 8 305
428 1 8 311
429 1 9 311
430 1 2 313
431 1 4 313
432 1 6 317
433 1 4 317
434 1 3 320
439 3 6 0
440 2 9 39
441 2 6 39
442 2 8 96
443 2 6 96
444 2 8 94
445 2 8 94
446 2 8 114
447 2 10 114
448 2 5 118
449 2 10 118
450 2 8 123
451 2 10 123
452 2 6 122
453 2 6 122
454 2 6 153
455 2 10 153
456 2 2 172
457 2 7 172
460 2 5 196
461 2 8 196
462 2 4 223
463 2 8 223
464 2 10 242
465 2 8 242
466 2 11 267
467 2 6 267
468 2 10 271
469 2 9 271
470 2 5 274
471 2 8 274
472 2 6 293
473 2 9 293
474 3 4 15
475 3 3 15
476 3 8 65
477 3 10 65
478 3 8 89
479 3 10 89
483 3 6 132
484 3 10 132
485 3 6 136
486 3 8 136
487 3 10 156
488 3 10 156
489 3 10 161
490 3 10 161
491 3 6 175
492 3 8 175
493 3 8 177
494 3 8 177
495 3 4 189
496 3 9 189
497 3 6 187
498 3 8 187
499 3 10 186
500 3 5 186
501 3 8 219
502 3 8 219
503 3 7 227
504 3 5 227
505 3 6 231
506 3 11 231
507 3 8 256
508 3 5 256
509 3 8 254
510 3 7 254
511 3 10 269
512 3 8 269
513 3 8 276
514 3 10 276
516 5 5 0
517 3 7 280
518 3 4 280
519 3 10 287
520 3 8 287
521 3 7 309
522 3 8 309
523 3 8 430
524 3 9 430
525 3 9 326
526 3 6 326
527 3 3 324
532 4 4 0
535 4 10 49
536 4 11 49
537 4 8 58
538 4 10 58
539 4 9 64
540 4 8 64
541 4 10 75
542 4 6 75
544 4 4 92
545 4 9 108
546 4 8 108
547 4 8 120
548 4 11 120
549 4 5 141
550 4 6 141
551 4 9 165
552 4 10 165
553 4 8 170
554 4 10 170
555 4 10 184
556 4 8 184
557 4 6 190
558 4 5 190
559 4 13 195
560 4 8 195
561 4 8 197
562 4 8 197
563 4 8 203
564 4 10 203
565 4 9 230
566 4 6 230
567 4 10 226
568 4 10 226
569 4 8 246
570 4 11 246
571 4 9 272
572 4 8 272
575 4 9 286
576 4 6 286
577 4 9 290
579 4 6 285
580 4 5 285
581 4 8 298
582 4 10 298
583 4 8 0
584 4 4 0
585 4 6 527
590 5 14 0
591 6 8 0
592 5 5 532
594 5 6 340
595 5 6 16
596 5 10 16
597 5 8 40
598 5 7 40
599 7 8 0
601 5 6 79
602 5 6 79
603 5 10 78
604 5 6 78
605 5 8 87
606 5 10 87
607 5 9 544
609 5 6 93
610 5 8 93
611 5 8 127
612 5 5 127
613 5 12 133
614 5 12 133
615 5 10 137
616 5 11 137
617 5 8 150
618 5 10 150
619 5 6 169
620 5 10 169
621 5 8 462
622 5 14 462
623 5 8 398
624 5 5 398
625 5 10 235
626 5 10 235
627 5 8 247
628 5 5 247
629 5 8 264
630 5 10 264
631 5 9 265
632 5 8 265
633 5 8 415
634 5 5 415
635 5 9 416
636 5 10 416
637 5 12 277
638 5 8 277
639 5 10 281
640 5 9 281
641 5 11 292
642 5 8 292
643 5 10 299
644 5 8 299
645 5 10 300
646 5 8 300
648 6 6 0
649 6 6 0
650 6 10 0
651 6 8 25
652 6 8 25
653 6 7 31
654 6 14 31
655 6 10 34
656 6 14 34
657 6 14 81
658 6 14 81
659 6 10 73
661 6 11 86
662 6 10 86
663 6 13 91
664 6 12 91
667 6 8 115
669 6 8 115
670 6 10 612
672 6 10 138
673 6 10 138
674 6 8 201
675 6 6 201
676 6 10 240
677 6 10 240
678 6 7 408
679 6 8 408
680 6 8 419
681 6 8 419
682 6 6 0
685 7 8 0
687 7 14 0
688 7 11 36
689 7 9 36
690 7 8 441
691 7 8 441
692 7 11 44
693 7 9 44
694 7 11 347
695 7 8 347
696 7 10 55
697 7 14 55
698 7 8 350
699 7 11 350
700 7 10 76
701 7 12 76
702 7 10 332
703 7 10 332
704 7 8 82
705 7 12 82
706 7 10 83
707 7 8 83
708 7 9 102
709 7 8 102
710 7 12 374
711 7 12 374
712 7 14 125
713 7 9 125
714 7 7 128
715 7 8 128
718 8 8 0
719 7 10 147
720 7 8 147
721 7 11 159
722 7 8 159
723 7 7 0
724 8 8 0
725 7 10 385
726 7 12 385
729 7 13 188
730 7 8 188
731 7 10 218
732 7 8 218
733 7 10 232
734 7 10 232
737 7 10 420
738 7 8 420
739 7 12 307
740 7 11 307
741 7 8 432
742 7 14 432
745 8 8 653
746 8 10 653
747 8 11 60
748 8 14 60
749 8 12 119
750 8 14 119
751 8 12 124
752 8 14 124
753 8 11 135
754 8 10 135
755 8 10 723
756 8 8 723
757 8 8 386
758 8 8 386
759 8 12 205
760 8 12 205
761 8 10 213
762 8 8 213
763 8 8 0
764 8 8 0
765 8 8 510
766 8 8 510
767 8 14 521
768 8 10 521
769 8 8 0
772 9 9 0
773 9 13 23
774 9 14 23
775 9 11 28
776 9 14 28
777 9 14 41
778 9 14 41
779 9 11 42
780 9 14 42
781 9 14 59
782 9 13 59
783 9 10 444
784 9 14 444
785 9 14 361
786 9 14 361
787 9 12 442
788 9 13 442
789 9 14 445
790 9 14 445
791 9 10 372
792 9 12 372
793 9 10 715
794 9 14 715
795 9 12 144
796 9 12 144
797 9 14 553
798 9 14 553
799 9 10 0
800 9 10 0
801 9 14 176
802 9 14 176
803 9 14 492
804 9 14 492
805 9 14 183
806 9 13 183
807 9 12 556
808 9 12 556
809 9 13 498
810 9 14 498
811 9 14 494
812 9 13 494
813 9 14 395
814 9 14 395
815 9 12 206
816 9 14 206
817 9 14 461
818 9 14 461
819 9 9 193
820 9 10 193
821 9 10 204
822 9 11 204
823 9 14 208
824 9 14 208
825 9 13 221
826 9 13 221
827 9 10 402
828 9 11 402
829 9 12 463
830 9 14 463
831 9 14 569
832 9 12 569
833 9 14 245
834 9 13 245
835 9 14 258
836 9 14 258
837 9 13 413
838 9 12 413
839 9 14 471
840 9 14 471
841 9 12 523
842 9 14 523
843 9 14 310
844 9 13 310
845 9 14 331
846 9 14 331
847 9 14 0
848 9 10 0
849 9 11 769
850 9 10 769
854 10 10 0
855 10 10 339
856 10 10 339
857 10 14 440
858 10 14 440
859 10 10 539
860 10 14 539
861 10 14 708
862 10 10 708
863 10 14 713
864 10 11 713
865 10 14 142
866 10 14 142
867 10 14 496
868 10 10 496
871 10 14 565
872 10 14 565
873 10 14 407
874 10 12 407
875 10 12 571
876 10 14 571
877 10 14 635
878 10 13 635
879 10 11 469
880 10 14 469
881 10 12 575
882 10 12 575
883 10 14 640
884 10 10 640
885 10 14 577
886 10 14 577
887 10 14 473
888 10 14 473
889 10 14 426
890 10 10 426
891 10 14 525
892 10 13 525
893 10 14 429
894 10 12 429
897 11 14 341
898 11 14 341
899 11 13 650
900 11 13 650
901 11 14 746
902 11 12 746
903 11 14 27
904 11 14 27
905 11 14 655
906 11 14 655
907 13 14 0
908 11 12 0
909 11 14 535
911 11 14 696
912 11 14 696
913 11 14 702
914 11 14 702
915 11 14 538
916 11 14 538
917 11 12 352
918 11 14 352
919 11 14 703
920 11 14 703
921 11 13 541
922 11 13 541
923 11 14 477
924 11 14 477
925 11 14 603
926 11 14 603
927 11 14 662
928 11 14 662
929 11 13 659
930 11 14 659
931 11 14 479
932 11 14 479
933 11 14 606
934 11 14 606
935 11 14 370
936 11 14 370
937 11 14 449
938 11 14 449
939 11 14 447
940 11 14 447
941 11 14 451
942 11 14 451
943 11 14 484
944 11 14 484
945 11 14 615
946 11 11 615
947 11 14 672
948 11 14 672
949 11 14 670
950 11 14 670
951 11 14 673
952 11 14 673
953 11 12 754
954 11 14 754
955 11 14 618
956 11 14 618
957 11 14 488
958 11 13 488
959 11 13 725
960 11 14 725
961 11 11 799
963 11 14 552
964 11 14 552
965 11 14 490
966 11 14 490
967 11 14 554
968 11 14 554
969 11 14 620
970 11 14 620
971 11 14 389
972 11 14 389
973 11 14 555
974 11 14 555
975 11 14 499
976 11 14 499
977 11 14 0
978 11 14 0
979 11 14 564
980 11 14 564
981 11 14 625
982 11 14 625
983 11 14 733
984 11 14 733
985 11 14 827
986 11 14 827
987 11 12 0
988 11 14 0
989 11 12 568
990 11 13 568
991 11 14 567
992 11 14 567
993 11 11 233
994 11 12 233
995 11 12 626
996 11 12 626
997 11 14 464
998 11 14 464
999 11 12 677
1000 11 14 677
1001 11 14 676
1002 11 14 676
1003 11 14 409
1004 11 14 409
1005 11 14 630
1006 11 14 630
1007 11 14 412
1008 11 13 412
1009 11 14 468
1010 11 14 468
1011 11 14 511
1012 11 14 511
1013 11 14 639
1014 11 14 639
1015 11 14 514
1016 11 14 514
1018 11 14 0
1020 11 14 519
1021 11 14 519
1022 11 14 636
1023 11 14 636
1024 11 14 884
1025 11 14 884
1026 11 14 737
1027 11 14 737
1028 11 14 645
1029 11 12 645
1030 11 14 643
1032 11 14 582
1033 11 14 582
1034 11 14 768
1035 11 14 768
1036 11 14 0
1038 11 14 0
1041 12 13 0
1042 12 14 688
1043 12 14 688
1044 12 14 775
1045 12 14 775
1046 12 14 779
1047 12 14 779
1048 12 14 694
1049 12 14 694
1050 12 14 692
1051 12 14 692
1053 12 14 0
1054 12 14 747
1055 12 14 747
1056 12 14 536
1057 12 14 536
1058 12 14 699
1059 12 14 699
1060 12 12 0
1061 12 12 0
1062 12 14 99
1064 12 12 548
1065 12 14 548
1066 12 14 753
1067 12 14 753
1068 12 14 864
1069 12 12 864
1070 12 14 616
1071 12 14 616
1072 12 14 721
1073 12 14 721
1074 12 12 0
1076 12 13 822
1077 12 14 822
1078 12 14 506
1079 12 14 506
1080 12 14 828
1081 12 14 828
1082 12 14 570
1083 12 14 570
1084 12 14 466
1085 12 14 466
1086 12 13 641
1087 12 14 641
1088 12 12 0
1090 13 14 0
1091 13 13 344
1092 13 14 344
1093 14 14 0
1094 13 13 908
1095 13 14 705
1096 13 14 705
1097 13 14 701
1098 13 14 701
1099 13 14 664
1100 13 14 664
1101 13 14 792
1102 13 14 792
1103 13 14 749
1104 13 14 749
1105 13 14 614
1106 13 14 614
1107 13 14 953
1108 13 13 953
1109 13 14 795
1110 13 14 795
1111 13 14 796
1112 13 14 796
1113 13 14 807
1114 13 14 807
1115 13 14 759
1116 13 14 759
1117 13 14 808
1118 13 14 808
1119 13 14 760
1120 13 14 760
1121 13 14 829
1122 13 14 829
1123 13 14 987
1124 13 14 987
1125 13 14 874
1126 13 14 874
1127 13 14 875
1128 13 14 875
1129 13 14 637
1130 13 14 637
1131 13 14 841
1132 13 14 841
1133 13 14 1029
1134 13 14 1029
1135 13 13 894
1136 13 14 894
1137 14 14 773
1138 14 14 773
1139 14 14 782
1140 14 14 782
1141 14 14 788
1142 14 14 788
1143 14 14 559
1144 14 14 559
1145 14 14 834
1146 14 14 834
1147 14 14 837
1148 14 14 837
1149 5 8 0
1150 4 4 0
1151 3 6 0
1152 10 10 0
1153 11 14 0
1154 6 7 0
1155 10 10 0
1156 6 7 0
1157 5 14 0
1158 3 3 0
1159 3 4 0
1160 7 10 0
1161 12 14 0
1162 5 5 0
1163 6 14 0
1164 6 6 0
1165 7 7 0
1166 8 8 0
1167 10 14 0
1168 10 14 0
1169 10 10 0
1170 13 14 0
