0 0 99 0
1 0 99 0
2 0 99 0
3 0 99 0
4 0 99 0
5 0 33 0
6 34 35 0
7 36 36 0
8 37 37 0
9 38 38 0
10 39 99 0
11 0 99 0
12 0 0 0
13 1 1 0
14 2 4 0
15 5 10 0
16 11 15 0
17 16 99 0
18 0 99 0
19 0 99 0
20 0 99 0
21 0 99 0
22 0 44 0
23 45 99 0
24 0 99 0
25 0 99 0
26 0 99 0
27 0 99 0
28 0 99 0
29 0 60 0
30 61 87 0
31 88 88 0
32 89 90 0
33 91 94 0
34 95 95 0
35 96 99 0
36 0 99 0
37 0 99 0
38 0 7 0
39 8 9 0
40 10 10 0
41 11 63 0
42 64 99 0
43 0 3 0
44 4 28 0
45 29 29 0
46 30 34 0
47 35 79 0
48 80 88 0
49 89 89 0
50 90 99 0
51 0 99 0
52 0 4 0
53 5 14 0
54 15 15 0
55 16 34 0
56 35 37 0
57 38 39 0
58 40 40 0
59 41 42 0
60 43 46 0
61 47 47 0
62 48 99 0
63 0 6 0
64 7 7 0
65 8 17 0
66 18 19 0
67 20 20 0
68 21 24 0
69 25 25 0
70 26 26 0
71 27 34 0
72 35 50 0
73 51 53 0
74 54 54 0
75 55 64 0
76 65 65 0
77 66 71 0
78 72 72 0
79 73 73 0
80 74 82 0
81 83 86 0
82 87 87 0
83 88 88 0
84 89 92 0
85 93 93 0
86 94 99 0
87 0 99 0
88 0 99 0
89 0 99 0
90 0 99 0
91 0 99 0
92 0 99 0
93 0 99 0
94 0 99 0
95 0 99 0
96 0 99 0
97 0 26 0
98 27 30 0
99 31 68 0
100 69 69 0
101 70 70 0
102 71 99 0
103 0 99 0
104 0 99 0
105 0 99 0
106 0 99 0
107 0 99 0
108 0 31 0
109 32 41 0
110 42 42 0
111 43 99 0
112 0 99 0
113 0 99 0
114 0 99 0
115 0 98 0
116 99 99 0
117 0 99 0
118 0 99 0
119 0 99 0
120 0 99 0
121 0 99 0
122 0 30 0
123 31 32 0
124 33 34 0
125 35 36 0
126 37 52 0
127 53 99 0
128 0 32 0
129 33 33 0
130 34 35 0
131 36 46 0
132 47 99 0
133 0 99 0
134 0 99 0
135 0 99 0
136 0 99 0
137 0 99 0
138 0 9 0
139 10 10 0
140 11 11 0
141 12 22 0
142 23 29 0
143 30 30 0
144 31 31 0
145 32 32 0
146 33 73 0
147 74 74 0
148 75 77 0
149 78 87 0
150 88 93 0
151 94 95 0
152 96 99 0
153 0 99 0
154 0 99 0
155 0 23 0
156 24 59 0
157 60 64 0
158 65 65 0
159 66 73 0
160 74 76 0
161 77 77 0
162 78 91 0
163 92 92 0
164 93 99 0
165 0 52 0
166 53 54 0
167 55 99 0
168 0 25 0
169 26 26 0
170 27 32 0
171 33 99 0
172 0 1 0
173 2 5 0
174 6 94 0
175 95 99 0
176 0 99 0
177 0 15 0
178 16 16 0
179 17 17 0
180 18 20 0
181 21 24 0
182 25 27 0
183 28 29 0
184 30 64 0
185 65 66 0
186 67 67 0
187 68 71 0
188 72 90 0
189 91 93 0
190 94 95 0
191 96 97 0
192 98 98 0
193 99 99 0
194 0 29 0
195 30 99 0
196 0 99 0
197 0 99 0
198 0 5 0
199 6 16 0
200 17 17 0
201 18 18 0
202 19 19 0
203 20 21 0
204 22 24 0
205 25 29 0
206 30 30 0
207 31 48 0
208 49 49 0
209 50 99 0
210 0 99 0
211 0 99 0
212 0 99 0
213 0 99 0
214 0 99 0
215 0 99 0
216 0 99 0
217 0 17 0
218 18 99 0
219 0 99 0
220 0 99 0
221 0 99 0
222 0 99 0
223 0 99 0
224 0 99 0
225 0 59 0
226 60 62 0
227 63 64 0
228 65 66 0
229 67 67 0
230 68 72 0
231 73 78 0
232 79 99 0
233 0 99 0
234 0 99 0
235 0 99 0
236 0 83 0
237 84 85 0
238 86 86 0
239 87 89 0
240 90 96 0
241 97 99 0
242 0 99 0
243 0 31 0
244 32 33 0
245 34 99 0
246 0 99 0
247 0 99 0
248 0 99 0
249 0 99 0
250 0 12 0
251 13 14 0
252 15 19 0
253 20 34 0
254 35 55 0
255 56 57 0
256 58 61 0
257 62 65 0
258 66 67 0
259 68 68 0
260 69 69 0
261 70 70 0
262 71 82 0
263 83 83 0
264 84 84 0
265 85 99 0
266 0 99 0
267 0 99 0
268 0 99 0
269 0 15 0
270 16 16 0
271 17 21 0
272 22 25 0
273 26 40 0
274 41 43 0
275 44 57 0
276 58 58 0
277 59 59 0
278 60 60 0
279 61 62 0
280 63 63 0
281 64 67 0
282 68 68 0
283 69 71 0
284 72 82 0
285 83 95 0
286 96 99 0
287 0 99 0
288 0 99 0
289 0 99 0
290 0 29 0
291 30 30 0
292 31 32 0
293 33 35 0
294 36 36 0
295 37 38 0
296 39 39 0
297 40 41 0
298 42 45 0
299 46 46 0
300 47 49 0
301 50 53 0
302 54 58 0
303 59 59 0
304 60 67 0
305 68 74 0
306 75 75 0
307 76 77 0
308 78 89 0
309 90 90 0
310 91 99 0
311 0 99 0
312 0 99 0
313 0 29 0
314 30 43 0
315 44 46 0
316 47 59 0
317 60 71 0
318 72 76 0
319 77 77 0
320 78 81 0
321 82 99 0
322 0 99 0
323 0 99 0
324 0 99 0
325 0 23 0
326 24 25 0
327 26 37 0
328 38 87 0
329 88 90 0
330 91 91 0
331 92 99 0
332 0 99 0
333 0 99 0
334 0 28 0
335 29 29 0
336 30 36 0
337 37 37 0
338 38 99 0
339 0 99 0
340 0 99 0
341 0 9 0
342 10 96 0
343 97 97 0
344 98 99 0
345 0 99 0
346 0 99 0
347 0 99 0
348 0 99 0
349 0 99 0
350 0 99 0
351 0 65 0
352 66 66 0
353 67 80 0
354 81 82 0
355 83 99 0
356 0 99 0
357 0 99 0
358 0 99 0
359 0 99 0
360 0 99 0
361 0 99 0
362 0 0 0
363 1 19 0
364 20 23 0
365 24 24 0
366 25 25 0
367 26 26 0
368 27 27 0
369 28 34 0
370 35 37 0
371 38 38 0
372 39 50 0
373 51 52 0
374 53 53 0
375 54 55 0
376 56 56 0
377 57 57 0
378 58 59 0
379 60 66 0
380 67 67 0
381 68 68 0
382 69 69 0
383 70 76 0
384 77 79 0
385 80 81 0
386 82 87 0
387 88 91 0
388 92 99 0
389 0 99 0
390 0 67 0
391 68 99 0
392 0 10 0
393 11 11 0
394 12 13 0
395 14 16 0
396 17 25 0
397 26 26 0
398 27 29 0
399 30 31 0
400 32 32 0
401 33 34 0
402 35 81 0
403 82 82 0
404 83 87 0
405 88 88 0
406 89 89 0
407 90 90 0
408 91 92 0
409 93 94 0
410 95 99 0
411 0 16 0
412 17 28 0
413 29 29 0
414 30 99 0
415 0 2 0
416 3 4 0
417 5 5 0
418 6 6 0
419 7 8 0
420 9 9 0
421 10 27 0
422 28 28 0
423 29 46 0
424 47 48 0
425 49 51 0
426 52 59 0
427 60 63 0
428 64 99 0
429 0 15 0
430 16 99 0
431 0 29 0
432 30 99 0
433 0 99 0
434 0 99 0
435 0 99 0
436 0 99 0
437 0 2 0
438 3 6 0
439 7 10 0
440 11 14 0
441 15 20 0
442 21 21 0
443 22 23 0
444 24 67 0
445 68 68 0
446 69 69 0
447 70 89 0
448 90 90 0
449 91 91 0
450 92 99 0
451 0 99 0
452 0 25 0
453 26 26 0
454 27 99 0
455 0 99 0
456 0 99 0
457 0 99 0
458 0 38 0
459 39 39 0
460 40 45 0
461 46 99 0
462 0 99 0
463 0 99 0
464 0 99 0
465 0 92 0
466 93 96 0
467 97 97 0
468 98 99 0
469 0 99 0
470 0 5 0
471 6 12 0
472 13 13 0
473 14 36 0
474 37 38 0
475 39 74 0
476 75 75 0
477 76 76 0
478 77 79 0
479 80 83 0
480 84 86 0
481 87 99 0
482 0 99 0
483 0 99 0
484 0 51 0
485 52 54 0
486 55 66 0
487 67 99 0
488 0 99 0
489 0 73 0
490 74 79 0
491 80 99 0
492 0 7 0
493 8 10 0
494 11 13 0
495 14 30 0
496 31 44 0
497 45 99 0
498 0 88 0
499 89 93 0
500 94 99 0
501 0 41 0
502 42 45 0
503 46 99 0
504 0 99 0
505 0 54 0
506 55 55 0
507 56 57 0
508 58 59 0
509 60 67 0
510 68 89 0
511 90 99 0
512 0 99 0
513 0 99 0
514 0 99 0
515 0 36 0
516 37 37 0
517 38 38 0
518 39 39 0
519 40 99 0
520 0 33 0
521 34 34 0
522 35 36 0
523 37 40 0
524 41 41 0
525 42 99 0
526 0 99 0
527 0 99 0
528 0 99 0
529 0 26 0
530 27 99 0
531 0 16 0
532 17 17 0
533 18 26 0
534 27 27 0
535 28 35 0
536 36 38 0
537 39 39 0
538 40 40 0
539 41 99 0
540 0 2 0
541 3 3 0
542 4 6 0
543 7 32 0
544 33 34 0
545 35 36 0
546 37 38 0
547 39 50 0
548 51 52 0
549 53 99 0
550 0 99 0
551 0 83 0
552 84 87 0
553 88 88 0
554 89 93 0
555 94 99 0
556 0 84 0
557 85 99 0
558 0 71 0
559 72 78 0
560 79 81 0
561 82 92 0
562 93 99 0
563 0 99 0
564 0 99 0
565 0 48 0
566 49 59 0
567 60 99 0
568 0 99 0
569 0 99 0
570 0 99 0
571 0 99 0
572 0 11 0
573 12 12 0
574 13 99 0
575 0 99 0
576 0 99 0
577 0 99 0
578 0 99 0
579 0 2 0
580 3 20 0
581 21 99 0
582 0 99 0
583 0 99 0
584 0 2 0
585 3 3 0
586 4 4 0
587 5 6 0
588 7 8 0
589 9 23 0
590 24 24 0
591 25 25 0
592 26 62 0
593 63 63 0
594 64 64 0
595 65 65 0
596 66 66 0
597 67 68 0
598 69 71 0
599 72 73 0
600 74 74 0
601 75 98 0
602 99 99 0
603 0 99 0
604 0 30 0
605 31 31 0
606 32 99 0
607 0 99 0
608 0 99 0
609 0 99 0
610 0 99 0
611 0 99 0
612 0 99 0
613 0 99 0
614 0 99 0
615 0 99 0
616 0 1 0
617 2 6 0
618 7 8 0
619 9 9 0
620 10 10 0
621 11 12 0
622 13 31 0
623 32 33 0
624 34 44 0
625 45 45 0
626 46 50 0
627 51 51 0
628 52 53 0
629 54 66 0
630 67 71 0
631 72 99 0
632 0 99 0
633 0 87 0
634 88 90 0
635 91 91 0
636 92 94 0
637 95 99 0
638 0 99 0
639 0 99 0
640 0 20 0
641 21 24 0
642 25 43 0
643 44 55 0
644 56 58 0
645 59 59 0
646 60 60 0
647 61 61 0
648 62 65 0
649 66 66 0
650 67 76 0
651 77 99 0
652 0 99 0
653 0 99 0
654 0 27 0
655 28 99 0
656 0 40 0
657 41 41 0
658 42 49 0
659 50 50 0
660 51 56 0
661 57 57 0
662 58 58 0
663 59 59 0
664 60 87 0
665 88 92 0
666 93 98 0
667 99 99 0
668 0 19 0
669 20 22 0
670 23 27 0
671 28 29 0
672 30 31 0
673 32 32 0
674 33 33 0
675 34 35 0
676 36 39 0
677 40 40 0
678 41 99 0
679 0 99 0
680 0 45 0
681 46 47 0
682 48 50 0
683 51 51 0
684 52 56 0
685 57 57 0
686 58 60 0
687 61 62 0
688 63 95 0
689 96 99 0
690 0 99 0
691 0 99 0
692 0 99 0
693 0 99 0
694 0 99 0
695 0 99 0
696 0 99 0
697 0 99 0
698 0 99 0
699 0 99 0
700 0 3 0
701 4 4 0
702 5 5 0
703 6 7 0
704 8 8 0
705 9 9 0
706 10 10 0
707 11 27 0
708 28 99 0
709 0 7 0
710 8 19 0
711 20 21 0
712 22 24 0
713 25 25 0
714 26 28 0
715 29 30 0
716 31 31 0
717 32 99 0
718 0 99 0
719 0 99 0
720 0 99 0
721 0 2 0
722 3 53 0
723 54 56 0
724 57 99 0
725 0 99 0
726 0 99 0
727 0 99 0
728 0 99 0
729 0 99 0
730 0 12 0
731 13 14 0
732 15 17 0
733 18 29 0
734 30 50 0
735 51 51 0
736 52 99 0
737 0 99 0
738 0 99 0
739 0 99 0
740 0 99 0
741 0 99 0
742 0 99 0
743 0 80 0
744 81 99 0
745 0 99 0
746 0 6 0
747 7 42 0
748 43 99 0
749 0 99 0
750 0 99 0
751 0 2 0
752 3 15 0
753 16 21 0
754 22 49 0
755 50 62 0
756 63 63 0
757 64 64 0
758 65 66 0
759 67 70 0
760 71 71 0
761 72 72 0
762 73 74 0
763 75 75 0
764 76 80 0
765 81 99 0
766 0 99 0
767 0 9 0
768 10 10 0
769 11 13 0
770 14 19 0
771 20 22 0
772 23 23 0
773 24 33 0
774 34 91 0
775 92 99 0
776 0 99 0
777 0 99 0
778 0 14 0
779 15 32 0
780 33 86 0
781 87 89 0
782 90 93 0
783 94 94 0
784 95 95 0
785 96 99 0
786 0 54 0
787 55 55 0
788 56 56 0
789 57 60 0
790 61 84 0
791 85 99 0
792 0 99 0
793 0 99 0
794 0 71 0
795 72 76 0
796 77 99 0
797 0 99 0
798 0 99 0
799 0 99 0
800 0 61 0
801 62 63 0
802 64 64 0
803 65 69 0
804 70 70 0
805 71 72 0
806 73 77 0
807 78 79 0
808 80 83 0
809 84 84 0
810 85 88 0
811 89 99 0
812 0 1 0
813 2 6 0
814 7 8 0
815 9 10 0
816 11 22 0
817 23 25 0
818 26 37 0
819 38 38 0
820 39 40 0
821 41 41 0
822 42 79 0
823 80 80 0
824 81 87 0
825 88 90 0
826 91 99 0
827 0 99 0
828 0 99 0
829 0 99 0
830 0 38 0
831 39 39 0
832 40 56 0
833 57 66 0
834 67 67 0
835 68 68 0
836 69 76 0
837 77 85 0
838 86 95 0
839 96 99 0
840 0 0 0
841 1 2 0
842 3 4 0
843 5 6 0
844 7 99 0
845 0 99 0
846 0 79 0
847 80 80 0
848 81 83 0
849 84 86 0
850 87 89 0
851 90 99 0
852 0 99 0
853 0 99 0
854 0 99 0
855 0 98 0
856 99 99 0
857 0 99 0
858 0 99 0
859 0 99 0
860 0 74 0
861 75 99 0
862 0 99 0
863 0 8 0
864 9 9 0
865 10 10 0
866 11 11 0
867 12 12 0
868 13 53 0
869 54 99 0
870 0 99 0
871 0 99 0
872 0 19 0
873 20 22 0
874 23 25 0
875 26 30 0
876 31 34 0
877 35 48 0
878 49 49 0
879 50 60 0
880 61 61 0
881 62 64 0
882 65 99 0
883 0 99 0
884 0 44 0
885 45 46 0
886 47 48 0
887 49 49 0
888 50 57 0
889 58 75 0
890 76 95 0
891 96 96 0
892 97 99 0
893 0 99 0
894 0 99 0
895 0 23 0
896 24 49 0
897 50 51 0
898 52 52 0
899 53 55 0
900 56 99 0
901 0 24 0
902 25 25 0
903 26 99 0
904 0 99 0
905 0 1 0
906 2 12 0
907 13 13 0
908 14 14 0
909 15 15 0
910 16 17 0
911 18 18 0
912 19 19 0
913 20 23 0
914 24 24 0
915 25 33 0
916 34 36 0
917 37 38 0
918 39 41 0
919 42 42 0
920 43 99 0
921 0 99 0
922 0 70 0
923 71 72 0
924 73 75 0
925 76 78 0
926 79 87 0
927 88 88 0
928 89 99 0
929 0 90 0
930 91 91 0
931 92 99 0
932 0 99 0
933 0 99 0
934 0 99 0
935 0 76 0
936 77 82 0
937 83 90 0
938 91 91 0
939 92 97 0
940 98 98 0
941 99 99 0
942 0 99 0
943 0 69 0
944 70 81 0
945 82 82 0
946 83 99 0
947 0 35 0
948 36 36 0
949 37 40 0
950 41 42 0
951 43 44 0
952 45 45 0
953 46 99 0
954 0 1 0
955 2 4 0
956 5 8 0
957 9 9 0
958 10 11 0
959 12 20 0
960 21 21 0
961 22 23 0
962 24 24 0
963 25 26 0
964 27 31 0
965 32 38 0
966 39 42 0
967 43 43 0
968 44 45 0
969 46 99 0
970 0 99 0
971 0 99 0
972 0 99 0
973 0 47 0
974 48 55 0
975 56 99 0
976 0 21 0
977 22 23 0
978 24 24 0
979 25 30 0
980 31 31 0
981 32 60 0
982 61 61 0
983 62 64 0
984 65 67 0
985 68 70 0
986 71 71 0
987 72 72 0
988 73 74 0
989 75 99 0
990 0 0 0
991 1 1 0
992 2 5 0
993 6 32 0
994 33 33 0
995 34 36 0
996 37 66 0
997 67 69 0
998 70 99 0
999 0 2 0
1000 3 3 0
1001 4 15 0
1002 16 16 0
1003 17 17 0
1004 18 18 0
1005 19 23 0
1006 24 24 0
1007 25 26 0
1008 27 27 0
1009 28 84 0
1010 85 86 0
1011 87 87 0
1012 88 91 0
1013 92 92 0
1014 93 93 0
1015 94 99 0
1016 0 99 0
1017 0 11 0
1018 12 13 0
1019 14 99 0
1020 0 99 0
1021 0 35 0
1022 36 38 0
1023 39 42 0
1024 43 99 0
1025 0 99 0
1026 0 99 0
1027 0 99 0
1028 0 99 0
1029 0 18 0
1030 19 19 0
1031 20 99 0
1032 0 93 0
1033 94 94 0
1034 95 95 0
1035 96 96 0
1036 97 99 0
1037 0 7 0
1038 8 8 0
1039 9 9 0
1040 10 74 0
1041 75 76 0
1042 77 99 0
1043 0 99 0
1044 0 48 0
1045 49 51 0
1046 52 58 0
1047 59 59 0
1048 60 60 0
1049 61 99 0
1050 0 99 0
1051 0 99 0
1052 0 10 0
1053 11 13 0
1054 14 56 0
1055 57 58 0
1056 59 60 0
1057 61 64 0
1058 65 99 0
1059 0 99 0
1060 0 99 0
1061 0 99 0
1062 0 99 0
1063 0 99 0
1064 0 99 0
1065 0 0 0
1066 1 1 0
1067 2 28 0
1068 29 29 0
1069 30 39 0
1070 40 42 0
1071 43 44 0
1072 45 57 0
1073 58 59 0
1074 60 72 0
1075 73 81 0
1076 82 82 0
1077 83 99 0
1078 0 99 0
1079 0 38 0
1080 39 40 0
1081 41 42 0
1082 43 43 0
1083 44 54 0
1084 55 60 0
1085 61 61 0
1086 62 71 0
1087 72 72 0
1088 73 74 0
1089 75 75 0
1090 76 86 0
1091 87 99 0
1092 0 66 0
1093 67 69 0
1094 70 78 0
1095 79 79 0
1096 80 80 0
1097 81 99 0
1098 0 99 0
1099 0 99 0
1100 0 99 0
1101 0 55 0
1102 56 80 0
1103 81 81 0
1104 82 82 0
1105 83 83 0
1106 84 84 0
1107 85 99 0
1108 0 99 0
1109 0 99 0
1110 0 99 0
1111 0 71 0
1112 72 73 0
1113 74 74 0
1114 75 99 0
1115 0 99 0
1116 0 2 0
1117 3 9 0
1118 10 13 0
1119 14 22 0
1120 23 23 0
1121 24 31 0
1122 32 32 0
1123 33 33 0
1124 34 36 0
1125 37 37 0
1126 38 39 0
1127 40 50 0
1128 51 60 0
1129 61 65 0
1130 66 99 0
1131 0 99 0
1132 0 99 0
1133 0 99 0
1134 0 99 0
1135 0 99 0
1136 0 99 0
1137 0 73 0
1138 74 74 0
1139 75 85 0
1140 86 87 0
1141 88 89 0
1142 90 92 0
1143 93 99 0
1144 0 99 0
1145 0 99 0
1146 0 13 0
1147 14 33 0
1148 34 36 0
1149 37 99 0
1150 0 99 0
1151 0 59 0
1152 60 60 0
1153 61 61 0
1154 62 62 0
1155 63 64 0
1156 65 68 0
1157 69 69 0
1158 70 71 0
1159 72 99 0
1160 0 99 0
1161 0 99 0
1162 0 99 0
1163 0 99 0
1164 0 99 0
1165 0 99 0
1166 0 79 0
1167 80 80 0
1168 81 86 0
1169 87 88 0
1170 89 89 0
1171 90 98 0
1172 99 99 0
1173 0 99 0
1174 0 33 0
1175 34 51 0
1176 52 99 0
1177 0 99 0
1178 0 99 0
1179 0 91 0
1180 92 92 0
1181 93 98 0
1182 99 99 0
1183 0 99 0
1184 0 91 0
1185 92 99 0
1186 0 99 0
1187 0 7 0
1188 8 8 0
1189 9 9 0
1190 10 11 0
1191 12 59 0
1192 60 60 0
1193 61 62 0
1194 63 68 0
1195 69 69 0
1196 70 99 0
1197 0 48 0
1198 49 50 0
1199 51 64 0
1200 65 66 0
1201 67 68 0
1202 69 78 0
1203 79 80 0
1204 81 85 0
1205 86 86 0
1206 87 92 0
1207 93 93 0
1208 94 95 0
1209 96 98 0
1210 99 99 0
1211 0 76 0
1212 77 77 0
1213 78 78 0
1214 79 99 0
1215 0 99 0
1216 0 99 0
1217 0 99 0
1218 0 99 0
1219 0 99 0
1220 0 99 0
1221 0 99 0
1222 0 3 0
1223 4 4 0
1224 5 24 0
1225 25 26 0
1226 27 38 0
1227 39 40 0
1228 41 41 0
1229 42 42 0
1230 43 47 0
1231 48 51 0
1232 52 99 0
1233 0 99 0
1234 0 33 0
1235 34 41 0
1236 42 43 0
1237 44 46 0
1238 47 49 0
1239 50 50 0
1240 51 53 0
1241 54 56 0
1242 57 57 0
1243 58 67 0
1244 68 99 0
1245 0 99 0
1246 0 1 0
1247 2 99 0
1248 0 15 0
1249 16 16 0
1250 17 59 0
1251 60 60 0
1252 61 61 0
1253 62 68 0
1254 69 73 0
1255 74 75 0
1256 76 76 0
1257 77 77 0
1258 78 80 0
1259 81 81 0
1260 82 82 0
1261 83 87 0
1262 88 91 0
1263 92 99 0
1264 0 4 0
1265 5 5 0
1266 6 7 0
1267 8 11 0
1268 12 12 0
1269 13 13 0
1270 14 16 0
1271 17 17 0
1272 18 18 0
1273 19 28 0
1274 29 33 0
1275 34 34 0
1276 35 37 0
1277 38 38 0
1278 39 40 0
1279 41 41 0
1280 42 42 0
1281 43 43 0
1282 44 44 0
1283 45 45 0
1284 46 47 0
1285 48 48 0
1286 49 49 0
1287 50 51 0
1288 52 52 0
1289 53 55 0
1290 56 56 0
1291 57 58 0
1292 59 60 0
1293 61 99 0
1294 0 19 0
1295 20 20 0
1296 21 49 0
1297 50 91 0
1298 92 99 0
1299 0 99 0
1300 0 38 0
1301 39 86 0
1302 87 99 0
1303 0 99 0
