0 0 36 0
1 37 37 0
2 38 85 0
3 86 94 0
4 95 99 0
5 0 41 0
6 42 44 0
7 45 49 0
8 50 53 0
9 54 99 0
10 0 99 0
11 0 78 0
12 79 99 0
13 0 42 0
14 43 56 0
15 57 99 0
16 0 12 0
17 13 92 0
18 93 98 0
19 99 99 0
20 0 99 0
21 0 1 0
22 2 3 0
23 4 5 0
24 6 99 0
25 0 99 0
26 0 43 0
27 44 44 0
28 45 45 0
29 46 58 0
30 59 59 0
31 60 63 0
32 64 64 0
33 65 65 0
34 66 72 0
35 73 74 0
36 75 81 0
37 82 99 0
38 0 99 0
39 0 36 0
40 37 44 0
41 45 52 0
42 53 57 0
43 58 60 0
44 61 64 0
45 65 65 0
46 66 66 0
47 67 99 0
48 0 14 0
49 15 99 0
50 0 99 0
51 0 99 0
52 0 99 0
53 0 99 0
54 0 99 0
55 0 20 0
56 21 30 0
57 31 35 0
58 36 37 0
59 38 38 0
60 39 39 0
61 40 52 0
62 53 63 0
63 64 64 0
64 65 65 0
65 66 81 0
66 82 85 0
67 86 86 0
68 87 87 0
69 88 88 0
70 89 89 0
71 90 90 0
72 91 91 0
73 92 99 0
74 0 99 0
75 0 43 0
76 44 50 0
77 51 71 0
78 72 72 0
79 73 73 0
80 74 76 0
81 77 78 0
82 79 94 0
83 95 99 0
84 0 2 0
85 3 21 0
86 22 99 0
87 0 1 0
88 2 11 0
89 12 26 0
90 27 99 0
91 0 99 0
92 0 1 0
93 2 4 0
94 5 5 0
95 6 11 0
96 12 12 0
97 13 14 0
98 15 41 0
99 42 44 0
100 45 46 0
101 47 47 0
102 48 54 0
103 55 58 0
104 59 60 0
105 61 99 0
106 0 5 0
107 6 8 0
108 9 11 0
109 12 16 0
110 17 17 0
111 18 18 0
112 19 23 0
113 24 24 0
114 25 27 0
115 28 28 0
116 29 30 0
117 31 31 0
118 32 34 0
119 35 37 0
120 38 38 0
121 39 40 0
122 41 41 0
123 42 43 0
124 44 44 0
125 45 47 0
126 48 49 0
127 50 57 0
128 58 59 0
129 60 61 0
130 62 62 0
131 63 92 0
132 93 93 0
133 94 94 0
134 95 99 0
135 0 36 0
136 37 37 0
137 38 99 0
138 0 94 0
139 95 99 0
140 0 99 0
141 0 99 0
142 0 99 0
143 0 45 0
144 46 46 0
145 47 61 0
146 62 69 0
147 70 99 0
148 0 46 0
149 47 49 0
150 50 50 0
151 51 52 0
152 53 54 0
153 55 61 0
154 62 63 0
155 64 68 0
156 69 69 0
157 70 95 0
158 96 97 0
159 98 99 0
160 0 99 0
161 0 96 0
162 97 97 0
163 98 99 0
164 0 99 0
165 0 8 0
166 9 10 0
167 11 22 0
168 23 39 0
169 40 50 0
170 51 99 0
171 0 99 0
172 0 99 0
173 0 90 0
174 91 91 0
175 92 98 0
176 99 99 0
177 0 96 0
178 97 99 0
179 0 46 0
180 47 47 0
181 48 48 0
182 49 99 0
183 0 10 0
184 11 13 0
185 14 14 0
186 15 99 0
187 0 86 0
188 87 98 0
189 99 99 0
190 0 95 0
191 96 99 0
192 0 99 0
193 0 32 0
194 33 44 0
195 45 45 0
196 46 99 0
197 0 44 0
198 45 52 0
199 53 73 0
200 74 99 0
201 0 99 0
202 0 74 0
203 75 76 0
204 77 99 0
205 0 99 0
206 0 99 0
207 0 11 0
208 12 12 0
209 13 17 0
210 18 44 0
211 45 99 0
212 0 10 0
213 11 15 0
214 16 38 0
215 39 42 0
216 43 43 0
217 44 44 0
218 45 45 0
219 46 47 0
220 48 88 0
221 89 89 0
222 90 92 0
223 93 93 0
224 94 99 0
225 0 99 0
226 0 99 0
227 0 99 0
228 0 99 0
229 0 99 0
230 0 3 0
231 4 7 0
232 8 9 0
233 10 10 0
234 11 25 0
235 26 29 0
236 30 39 0
237 40 70 0
238 71 99 0
239 0 67 0
240 68 72 0
241 73 99 0
242 0 55 0
243 56 60 0
244 61 61 0
245 62 63 0
246 64 64 0
247 65 67 0
248 68 69 0
249 70 73 0
250 74 76 0
251 77 77 0
252 78 78 0
253 79 79 0
254 80 82 0
255 83 84 0
256 85 94 0
257 95 99 0
258 0 7 0
259 8 19 0
260 20 24 0
261 25 37 0
262 38 81 0
263 82 82 0
264 83 92 0
265 93 93 0
266 94 99 0
267 0 17 0
268 18 18 0
269 19 37 0
270 38 38 0
271 39 53 0
272 54 54 0
273 55 62 0
274 63 63 0
275 64 66 0
276 67 67 0
277 68 77 0
278 78 84 0
279 85 97 0
280 98 99 0
281 0 10 0
282 11 99 0
283 0 0 0
284 1 1 0
285 2 31 0
286 32 99 0
287 0 99 0
288 0 5 0
289 6 6 0
290 7 8 0
291 9 21 0
292 22 23 0
293 24 30 0
294 31 39 0
295 40 45 0
296 46 46 0
297 47 59 0
298 60 65 0
299 66 66 0
300 67 69 0
301 70 74 0
302 75 99 0
303 0 9 0
304 10 79 0
305 80 80 0
306 81 81 0
307 82 83 0
308 84 86 0
309 87 87 0
310 88 92 0
311 93 93 0
312 94 99 0
313 0 99 0
314 0 99 0
315 0 1 0
316 2 7 0
317 8 8 0
318 9 9 0
319 10 10 0
320 11 49 0
321 50 74 0
322 75 75 0
323 76 77 0
324 78 85 0
325 86 86 0
326 87 87 0
327 88 99 0
328 0 99 0
329 0 99 0
330 0 99 0
331 0 99 0
332 0 99 0
333 0 99 0
334 0 89 0
335 90 99 0
336 0 5 0
337 6 33 0
338 34 99 0
339 0 99 0
340 0 99 0
341 0 85 0
342 86 89 0
343 90 99 0
344 0 99 0
345 0 41 0
346 42 42 0
347 43 47 0
348 48 48 0
349 49 73 0
350 74 99 0
351 0 99 0
352 0 19 0
353 20 20 0
354 21 21 0
355 22 24 0
356 25 26 0
357 27 35 0
358 36 38 0
359 39 48 0
360 49 51 0
361 52 56 0
362 57 57 0
363 58 59 0
364 60 60 0
365 61 64 0
366 65 68 0
367 69 85 0
368 86 99 0
369 0 94 0
370 95 98 0
371 99 99 0
372 0 56 0
373 57 58 0
374 59 63 0
375 64 64 0
376 65 70 0
377 71 71 0
378 72 99 0
379 0 99 0
380 0 27 0
381 28 29 0
382 30 32 0
383 33 36 0
384 37 39 0
385 40 48 0
386 49 52 0
387 53 99 0
388 0 79 0
389 80 99 0
390 0 10 0
391 11 11 0
392 12 99 0
393 0 99 0
394 0 99 0
395 0 59 0
396 60 63 0
397 64 65 0
398 66 68 0
399 69 99 0
400 0 99 0
401 0 6 0
402 7 11 0
403 12 18 0
404 19 19 0
405 20 20 0
406 21 21 0
407 22 28 0
408 29 38 0
409 39 47 0
410 48 48 0
411 49 49 0
412 50 52 0
413 53 53 0
414 54 99 0
415 0 99 0
416 0 99 0
417 0 99 0
418 0 7 0
419 8 8 0
420 9 13 0
421 14 14 0
422 15 19 0
423 20 21 0
424 22 23 0
425 24 27 0
426 28 31 0
427 32 71 0
428 72 72 0
429 73 79 0
430 80 99 0
431 0 99 0
432 0 52 0
433 53 53 0
434 54 90 0
435 91 91 0
436 92 92 0
437 93 93 0
438 94 99 0
439 0 99 0
440 0 9 0
441 10 11 0
442 12 16 0
443 17 17 0
444 18 22 0
445 23 24 0
446 25 29 0
447 30 30 0
448 31 95 0
449 96 99 0
450 0 99 0
451 0 93 0
452 94 96 0
453 97 97 0
454 98 98 0
455 99 99 0
456 0 9 0
457 10 14 0
458 15 15 0
459 16 19 0
460 20 23 0
461 24 27 0
462 28 59 0
463 60 65 0
464 66 67 0
465 68 68 0
466 69 73 0
467 74 75 0
468 76 94 0
469 95 99 0
470 0 81 0
471 82 84 0
472 85 99 0
473 0 99 0
474 0 55 0
475 56 56 0
476 57 99 0
477 0 7 0
478 8 8 0
479 9 12 0
480 13 29 0
481 30 34 0
482 35 38 0
483 39 45 0
484 46 46 0
485 47 47 0
486 48 51 0
487 52 67 0
488 68 74 0
489 75 85 0
490 86 98 0
491 99 99 0
492 0 99 0
493 0 74 0
494 75 77 0
495 78 99 0
496 0 38 0
497 39 45 0
498 46 50 0
499 51 52 0
500 53 54 0
501 55 65 0
502 66 66 0
503 67 67 0
504 68 71 0
505 72 74 0
506 75 77 0
507 78 99 0
508 0 99 0
509 0 38 0
510 39 39 0
511 40 87 0
512 88 88 0
513 89 90 0
514 91 92 0
515 93 94 0
516 95 99 0
517 0 3 0
518 4 55 0
519 56 56 0
520 57 57 0
521 58 70 0
522 71 71 0
523 72 99 0
524 0 67 0
525 68 73 0
526 74 75 0
527 76 76 0
528 77 78 0
529 79 79 0
530 80 81 0
531 82 91 0
532 92 99 0
533 0 90 0
534 91 91 0
535 92 92 0
536 93 99 0
537 0 99 0
538 0 79 0
539 80 80 0
540 81 83 0
541 84 84 0
542 85 86 0
543 87 89 0
544 90 96 0
545 97 97 0
546 98 99 0
547 0 99 0
548 0 99 0
549 0 21 0
550 22 22 0
551 23 26 0
552 27 27 0
553 28 33 0
554 34 36 0
555 37 38 0
556 39 41 0
557 42 54 0
558 55 66 0
559 67 68 0
560 69 99 0
561 0 99 0
562 0 99 0
563 0 36 0
564 37 37 0
565 38 39 0
566 40 48 0
567 49 75 0
568 76 80 0
569 81 81 0
570 82 82 0
571 83 87 0
572 88 99 0
573 0 99 0
574 0 88 0
575 89 99 0
576 0 51 0
577 52 99 0
578 0 0 0
579 1 6 0
580 7 7 0
581 8 8 0
582 9 9 0
583 10 11 0
584 12 16 0
585 17 22 0
586 23 23 0
587 24 25 0
588 26 26 0
589 27 27 0
590 28 29 0
591 30 30 0
592 31 33 0
593 34 35 0
594 36 99 0
595 0 49 0
596 50 52 0
597 53 53 0
598 54 78 0
599 79 96 0
600 97 99 0
601 0 22 0
602 23 99 0
603 0 4 0
604 5 5 0
605 6 9 0
606 10 11 0
607 12 29 0
608 30 31 0
609 32 99 0
610 0 5 0
611 6 44 0
612 45 99 0
613 0 0 0
614 1 3 0
615 4 15 0
616 16 16 0
617 17 17 0
618 18 19 0
619 20 21 0
620 22 99 0
621 0 5 0
622 6 99 0
623 0 9 0
624 10 99 0
625 0 99 0
626 0 55 0
627 56 59 0
628 60 60 0
629 61 61 0
630 62 63 0
631 64 64 0
632 65 72 0
633 73 78 0
634 79 79 0
635 80 80 0
636 81 82 0
637 83 83 0
638 84 90 0
639 91 91 0
640 92 93 0
641 94 99 0
642 0 99 0
643 0 99 0
644 0 0 0
645 1 2 0
646 3 3 0
647 4 4 0
648 5 6 0
649 7 23 0
650 24 29 0
651 30 33 0
652 34 34 0
653 35 38 0
654 39 39 0
655 40 89 0
656 90 91 0
657 92 93 0
658 94 95 0
659 96 96 0
660 97 97 0
661 98 99 0
662 0 99 0
663 0 45 0
664 46 57 0
665 58 64 0
666 65 65 0
667 66 66 0
668 67 68 0
669 69 69 0
670 70 79 0
671 80 99 0
672 0 99 0
673 0 88 0
674 89 89 0
675 90 90 0
676 91 92 0
677 93 99 0
678 0 99 0
679 0 12 0
680 13 13 0
681 14 15 0
682 16 99 0
683 0 34 0
684 35 52 0
685 53 56 0
686 57 57 0
687 58 99 0
688 0 99 0
689 0 99 0
690 0 30 0
691 31 45 0
692 46 55 0
693 56 60 0
694 61 66 0
695 67 99 0
696 0 39 0
697 40 40 0
698 41 73 0
699 74 83 0
700 84 84 0
701 85 85 0
702 86 87 0
703 88 89 0
704 90 90 0
705 91 99 0
706 0 1 0
707 2 24 0
708 25 26 0
709 27 27 0
710 28 28 0
711 29 33 0
712 34 35 0
713 36 99 0
714 0 99 0
715 0 55 0
716 56 64 0
717 65 65 0
718 66 66 0
719 67 99 0
720 0 17 0
721 18 18 0
722 19 22 0
723 23 59 0
724 60 99 0
725 0 52 0
726 53 67 0
727 68 69 0
728 70 71 0
729 72 77 0
730 78 81 0
731 82 82 0
732 83 99 0
733 0 24 0
734 25 26 0
735 27 40 0
736 41 41 0
737 42 74 0
738 75 75 0
739 76 99 0
740 0 2 0
741 3 3 0
742 4 4 0
743 5 10 0
744 11 14 0
745 15 99 0
746 0 29 0
747 30 31 0
748 32 33 0
749 34 35 0
750 36 36 0
751 37 41 0
752 42 44 0
753 45 45 0
754 46 75 0
755 76 83 0
756 84 84 0
757 85 99 0
758 0 13 0
759 14 15 0
760 16 37 0
761 38 38 0
762 39 60 0
763 61 61 0
764 62 64 0
765 65 65 0
766 66 83 0
767 84 85 0
768 86 86 0
769 87 89 0
770 90 99 0
771 0 99 0
772 0 22 0
773 23 29 0
774 30 39 0
775 40 43 0
776 44 49 0
777 50 57 0
778 58 59 0
779 60 61 0
780 62 62 0
781 63 63 0
782 64 65 0
783 66 66 0
784 67 68 0
785 69 69 0
786 70 71 0
787 72 72 0
788 73 74 0
789 75 75 0
790 76 76 0
791 77 77 0
792 78 83 0
793 84 99 0
794 0 99 0
795 0 75 0
796 76 99 0
797 0 49 0
798 50 54 0
799 55 62 0
800 63 64 0
801 65 66 0
802 67 67 0
803 68 69 0
804 70 81 0
805 82 83 0
806 84 95 0
807 96 99 0
808 0 12 0
809 13 13 0
810 14 99 0
811 0 12 0
812 13 39 0
813 40 41 0
814 42 42 0
815 43 48 0
816 49 64 0
817 65 99 0
818 0 99 0
819 0 99 0
820 0 34 0
821 35 35 0
822 36 42 0
823 43 51 0
824 52 58 0
825 59 59 0
826 60 60 0
827 61 67 0
828 68 68 0
829 69 69 0
830 70 99 0
831 0 8 0
832 9 75 0
833 76 76 0
834 77 79 0
835 80 91 0
836 92 95 0
837 96 96 0
838 97 99 0
839 0 8 0
840 9 9 0
841 10 11 0
842 12 12 0
843 13 39 0
844 40 99 0
845 0 0 0
846 1 1 0
847 2 2 0
848 3 10 0
849 11 11 0
850 12 16 0
851 17 17 0
852 18 86 0
853 87 87 0
854 88 94 0
855 95 95 0
856 96 96 0
857 97 97 0
858 98 99 0
859 0 41 0
860 42 75 0
861 76 79 0
862 80 80 0
863 81 89 0
864 90 90 0
865 91 99 0
866 0 27 0
867 28 31 0
868 32 33 0
869 34 37 0
870 38 38 0
871 39 39 0
872 40 41 0
873 42 58 0
874 59 59 0
875 60 60 0
876 61 61 0
877 62 63 0
878 64 65 0
879 66 69 0
880 70 71 0
881 72 74 0
882 75 89 0
883 90 90 0
884 91 91 0
885 92 93 0
886 94 99 0
887 0 28 0
888 29 37 0
889 38 41 0
890 42 62 0
891 63 63 0
892 64 66 0
893 67 83 0
894 84 99 0
895 0 23 0
896 24 26 0
897 27 27 0
898 28 30 0
899 31 34 0
900 35 36 0
901 37 81 0
902 82 82 0
903 83 83 0
904 84 87 0
905 88 94 0
906 95 98 0
907 99 99 0
908 0 49 0
909 50 82 0
910 83 83 0
911 84 86 0
912 87 91 0
913 92 97 0
914 98 98 0
915 99 99 0
916 0 46 0
917 47 47 0
918 48 82 0
919 83 84 0
920 85 87 0
921 88 88 0
922 89 92 0
923 93 99 0
924 0 16 0
925 17 19 0
926 20 39 0
927 40 78 0
928 79 79 0
929 80 83 0
930 84 84 0
931 85 87 0
932 88 99 0
933 0 99 0
934 0 99 0
935 0 99 0
936 0 56 0
937 57 57 0
938 58 63 0
939 64 67 0
940 68 73 0
941 74 74 0
942 75 75 0
943 76 81 0
944 82 84 0
945 85 98 0
946 99 99 0
947 0 3 0
948 4 4 0
949 5 99 0
950 0 99 0
951 0 35 0
952 36 39 0
953 40 42 0
954 43 43 0
955 44 99 0
956 0 99 0
957 0 99 0
958 0 0 0
959 1 6 0
960 7 42 0
961 43 99 0
962 0 99 0
963 0 99 0
964 0 0 0
965 1 7 0
966 8 20 0
967 21 21 0
968 22 23 0
969 24 32 0
970 33 66 0
971 67 69 0
972 70 74 0
973 75 75 0
974 76 76 0
975 77 81 0
976 82 99 0
977 0 75 0
978 76 99 0
979 0 55 0
980 56 56 0
981 57 95 0
982 96 99 0
983 0 99 0
984 0 99 0
985 0 99 0
986 0 99 0
987 0 99 0
988 0 99 0
989 0 99 0
990 0 99 0
991 0 99 0
992 0 0 0
993 1 4 0
994 5 10 0
995 11 11 0
996 12 14 0
997 15 15 0
998 16 16 0
999 17 22 0
1000 23 23 0
1001 24 36 0
1002 37 63 0
1003 64 64 0
1004 65 65 0
1005 66 68 0
1006 69 72 0
1007 73 80 0
1008 81 81 0
1009 82 83 0
1010 84 84 0
1011 85 99 0
1012 0 99 0
1013 0 29 0
1014 30 31 0
1015 32 33 0
1016 34 99 0
1017 0 99 0
1018 0 99 0
1019 0 6 0
1020 7 8 0
1021 9 14 0
1022 15 18 0
1023 19 21 0
1024 22 22 0
1025 23 25 0
1026 26 66 0
1027 67 80 0
1028 81 87 0
1029 88 88 0
1030 89 89 0
1031 90 91 0
1032 92 99 0
1033 0 99 0
1034 0 99 0
1035 0 9 0
1036 10 67 0
1037 68 80 0
1038 81 90 0
1039 91 93 0
1040 94 95 0
1041 96 96 0
1042 97 99 0
1043 0 18 0
1044 19 19 0
1045 20 29 0
1046 30 30 0
1047 31 32 0
1048 33 49 0
1049 50 50 0
1050 51 55 0
1051 56 67 0
1052 68 69 0
1053 70 99 0
1054 0 6 0
1055 7 7 0
1056 8 65 0
1057 66 79 0
1058 80 99 0
1059 0 69 0
1060 70 80 0
1061 81 81 0
1062 82 86 0
1063 87 99 0
1064 0 16 0
1065 17 17 0
1066 18 18 0
1067 19 19 0
1068 20 31 0
1069 32 71 0
1070 72 80 0
1071 81 87 0
1072 88 92 0
1073 93 99 0
1074 0 99 0
1075 0 99 0
1076 0 47 0
1077 48 60 0
1078 61 72 0
1079 73 75 0
1080 76 80 0
1081 81 91 0
1082 92 99 0
1083 0 93 0
1084 94 97 0
1085 98 99 0
1086 0 99 0
1087 0 78 0
1088 79 80 0
1089 81 99 0
1090 0 55 0
1091 56 56 0
1092 57 60 0
1093 61 61 0
1094 62 63 0
1095 64 65 0
1096 66 69 0
1097 70 75 0
1098 76 76 0
1099 77 81 0
1100 82 97 0
1101 98 99 0
1102 0 52 0
1103 53 77 0
1104 78 80 0
1105 81 81 0
1106 82 99 0
1107 0 99 0
1108 0 99 0
1109 0 1 0
1110 2 9 0
1111 10 84 0
1112 85 86 0
1113 87 99 0
1114 0 2 0
1115 3 6 0
1116 7 7 0
1117 8 9 0
1118 10 35 0
1119 36 37 0
1120 38 99 0
1121 0 66 0
1122 67 67 0
1123 68 99 0
1124 0 99 0
1125 0 99 0
1126 0 0 0
1127 1 17 0
1128 18 18 0
1129 19 96 0
1130 97 98 0
1131 99 99 0
1132 0 99 0
1133 0 68 0
1134 69 69 0
1135 70 72 0
1136 73 74 0
1137 75 99 0
1138 0 99 0
1139 0 57 0
1140 58 94 0
1141 95 99 0
1142 0 44 0
1143 45 45 0
1144 46 46 0
1145 47 48 0
1146 49 60 0
1147 61 62 0
1148 63 64 0
1149 65 65 0
1150 66 66 0
1151 67 67 0
1152 68 68 0
1153 69 99 0
1154 0 5 0
1155 6 9 0
1156 10 16 0
1157 17 17 0
1158 18 53 0
1159 54 54 0
1160 55 56 0
1161 57 58 0
1162 59 63 0
1163 64 91 0
1164 92 92 0
1165 93 99 0
1166 0 99 0
1167 0 96 0
1168 97 97 0
1169 98 98 0
1170 99 99 0
1171 0 99 0
1172 0 99 0
1173 0 39 0
1174 40 99 0
1175 0 99 0
1176 0 26 0
1177 27 57 0
1178 58 99 0
1179 0 99 0
1180 0 2 0
1181 3 14 0
1182 15 99 0
1183 0 90 0
1184 91 91 0
1185 92 92 0
1186 93 93 0
1187 94 94 0
1188 95 99 0
1189 0 57 0
1190 58 58 0
1191 59 64 0
1192 65 99 0
1193 0 0 0
1194 1 5 0
1195 6 7 0
1196 8 16 0
1197 17 20 0
1198 21 22 0
1199 23 25 0
1200 26 26 0
1201 27 99 0
1202 0 99 0
1203 0 4 0
1204 5 6 0
1205 7 11 0
1206 12 30 0
1207 31 99 0
1208 0 99 0
1209 0 67 0
1210 68 68 0
1211 69 69 0
1212 70 70 0
1213 71 71 0
1214 72 72 0
1215 73 74 0
1216 75 93 0
1217 94 95 0
1218 96 99 0
1219 0 4 0
1220 5 10 0
1221 11 28 0
1222 29 29 0
1223 30 31 0
1224 32 41 0
1225 42 42 0
1226 43 45 0
1227 46 47 0
1228 48 51 0
1229 52 53 0
1230 54 54 0
1231 55 56 0
1232 57 99 0
1233 0 18 0
1234 19 20 0
1235 21 28 0
1236 29 42 0
1237 43 45 0
1238 46 46 0
1239 47 47 0
1240 48 48 0
1241 49 99 0
1242 0 99 0
1243 0 99 0
1244 0 23 0
1245 24 25 0
1246 26 33 0
1247 34 35 0
1248 36 42 0
1249 43 44 0
1250 45 50 0
1251 51 51 0
1252 52 52 0
1253 53 55 0
1254 56 56 0
1255 57 58 0
1256 59 99 0
1257 0 64 0
1258 65 65 0
1259 66 66 0
1260 67 69 0
1261 70 99 0
1262 0 99 0
1263 0 99 0
1264 0 20 0
1265 21 24 0
1266 25 25 0
1267 26 26 0
1268 27 27 0
1269 28 28 0
1270 29 29 0
1271 30 99 0
1272 0 0 0
1273 1 3 0
1274 4 7 0
1275 8 8 0
1276 9 29 0
1277 30 30 0
1278 31 93 0
1279 94 97 0
1280 98 99 0
1281 0 99 0
1282 0 99 0
1283 0 38 0
1284 39 50 0
1285 51 54 0
1286 55 84 0
1287 85 85 0
1288 86 99 0
1289 0 12 0
1290 13 13 0
1291 14 18 0
1292 19 22 0
1293 23 25 0
1294 26 28 0
1295 29 31 0
1296 32 33 0
1297 34 34 0
1298 35 36 0
1299 37 40 0
1300 41 45 0
1301 46 46 0
1302 47 67 0
1303 68 77 0
1304 78 99 0
1305 0 1 0
1306 2 2 0
1307 3 35 0
1308 36 97 0
1309 98 99 0
1310 0 61 0
1311 62 67 0
1312 68 88 0
1313 89 90 0
1314 91 91 0
1315 92 96 0
1316 97 97 0
1317 98 99 0
1318 0 27 0
1319 28 28 0
1320 29 29 0
1321 30 49 0
1322 50 62 0
1323 63 63 0
1324 64 64 0
1325 65 66 0
1326 67 67 0
1327 68 69 0
1328 70 72 0
1329 73 73 0
1330 74 74 0
1331 75 76 0
1332 77 78 0
1333 79 90 0
1334 91 93 0
1335 94 96 0
1336 97 98 0
1337 99 99 0
1338 0 99 0
1339 0 99 0
1340 0 71 0
1341 72 85 0
1342 86 99 0
1343 0 32 0
1344 33 33 0
1345 34 44 0
1346 45 45 0
1347 46 52 0
1348 53 53 0
1349 54 54 0
1350 55 99 0
1351 0 99 0
1352 0 99 0
1353 0 79 0
1354 80 99 0
1355 0 24 0
1356 25 99 0
1357 0 99 0
1358 0 2 0
1359 3 3 0
1360 4 4 0
1361 5 17 0
1362 18 99 0
1363 0 99 0
1364 0 99 0
1365 0 6 0
1366 7 7 0
1367 8 8 0
1368 9 10 0
1369 11 11 0
1370 12 21 0
1371 22 91 0
1372 92 94 0
1373 95 96 0
1374 97 97 0
1375 98 99 0
1376 0 99 0
1377 0 14 0
1378 15 15 0
1379 16 19 0
1380 20 25 0
1381 26 31 0
1382 32 32 0
1383 33 33 0
1384 34 35 0
1385 36 36 0
1386 37 37 0
1387 38 99 0
1388 0 99 0
1389 0 99 0
1390 0 7 0
1391 8 16 0
1392 17 18 0
1393 19 50 0
1394 51 52 0
1395 53 74 0
1396 75 75 0
1397 76 77 0
1398 78 89 0
1399 90 96 0
1400 97 97 0
1401 98 98 0
1402 99 99 0
1403 0 99 0
1404 0 99 0
1405 0 0 0
1406 1 4 0
1407 5 7 0
1408 8 8 0
1409 9 11 0
1410 12 13 0
1411 14 14 0
1412 15 65 0
1413 66 99 0
1414 0 94 0
1415 95 95 0
1416 96 99 0
1417 0 23 0
1418 24 24 0
1419 25 25 0
1420 26 26 0
1421 27 76 0
1422 77 78 0
1423 79 79 0
1424 80 80 0
1425 81 81 0
1426 82 86 0
1427 87 87 0
1428 88 88 0
1429 89 99 0
1430 0 46 0
1431 47 50 0
1432 51 52 0
1433 53 56 0
1434 57 71 0
1435 72 76 0
1436 77 78 0
1437 79 96 0
1438 97 99 0
1439 0 99 0
1440 0 99 0
1441 0 99 0
1442 0 25 0
1443 26 27 0
1444 28 37 0
1445 38 39 0
1446 40 44 0
1447 45 47 0
1448 48 51 0
1449 52 57 0
1450 58 59 0
1451 60 68 0
1452 69 99 0
1453 0 49 0
1454 50 58 0
1455 59 65 0
1456 66 72 0
1457 73 74 0
1458 75 97 0
1459 98 98 0
1460 99 99 0
1461 0 23 0
1462 24 99 0
1463 0 11 0
1464 12 12 0
1465 13 13 0
1466 14 15 0
1467 16 99 0
1468 0 0 0
1469 1 1 0
1470 2 2 0
1471 3 6 0
1472 7 10 0
1473 11 12 0
1474 13 15 0
1475 16 33 0
1476 34 99 0
1477 0 99 0
1478 0 49 0
1479 50 50 0
1480 51 68 0
1481 69 70 0
1482 71 95 0
1483 96 96 0
1484 97 97 0
1485 98 99 0
1486 0 99 0
1487 0 15 0
1488 16 18 0
1489 19 99 0
1490 0 8 0
1491 9 21 0
1492 22 22 0
1493 23 99 0
1494 0 1 0
1495 2 10 0
1496 11 11 0
1497 12 12 0
1498 13 22 0
1499 23 23 0
1500 24 40 0
1501 41 56 0
1502 57 68 0
1503 69 69 0
1504 70 86 0
1505 87 87 0
1506 88 94 0
1507 95 95 0
1508 96 96 0
1509 97 99 0
1510 0 0 0
1511 1 1 0
1512 2 5 0
1513 6 6 0
1514 7 7 0
1515 8 9 0
1516 10 29 0
1517 30 31 0
1518 32 33 0
1519 34 34 0
1520 35 37 0
1521 38 39 0
1522 40 41 0
1523 42 50 0
1524 51 51 0
1525 52 52 0
1526 53 56 0
1527 57 57 0
1528 58 99 0
1529 0 99 0
1530 0 3 0
1531 4 4 0
1532 5 52 0
1533 53 56 0
1534 57 58 0
1535 59 60 0
1536 61 61 0
1537 62 99 0
1538 0 99 0
1539 0 11 0
1540 12 12 0
1541 13 14 0
1542 15 99 0
1543 0 99 0
1544 0 89 0
1545 90 90 0
1546 91 97 0
1547 98 99 0
1548 0 99 0
1549 0 99 0
1550 0 33 0
1551 34 35 0
1552 36 36 0
1553 37 37 0
1554 38 40 0
1555 41 41 0
1556 42 84 0
1557 85 86 0
1558 87 99 0
1559 0 31 0
1560 32 32 0
1561 33 42 0
1562 43 43 0
1563 44 99 0
1564 0 3 0
1565 4 24 0
1566 25 25 0
1567 26 46 0
1568 47 48 0
1569 49 52 0
1570 53 53 0
1571 54 58 0
1572 59 59 0
1573 60 70 0
1574 71 72 0
1575 73 74 0
1576 75 76 0
1577 77 77 0
1578 78 99 0
1579 0 99 0
1580 0 16 0
1581 17 17 0
1582 18 20 0
1583 21 70 0
1584 71 74 0
1585 75 88 0
1586 89 89 0
1587 90 99 0
1588 0 99 0
1589 0 59 0
1590 60 89 0
1591 90 99 0
1592 0 3 0
1593 4 4 0
1594 5 18 0
1595 19 19 0
1596 20 20 0
1597 21 21 0
1598 22 99 0
1599 0 63 0
1600 64 99 0
1601 0 99 0
1602 0 99 0
1603 0 97 0
1604 98 99 0
1605 0 50 0
1606 51 53 0
1607 54 59 0
1608 60 65 0
1609 66 66 0
1610 67 68 0
1611 69 99 0
1612 0 78 0
1613 79 83 0
1614 84 87 0
1615 88 97 0
1616 98 99 0
1617 0 13 0
1618 14 24 0
1619 25 99 0
1620 0 99 0
1621 0 12 0
1622 13 13 0
1623 14 18 0
1624 19 23 0
1625 24 25 0
1626 26 28 0
1627 29 99 0
1628 0 22 0
1629 23 23 0
1630 24 26 0
1631 27 99 0
1632 0 99 0
1633 0 99 0
1634 0 99 0
1635 0 18 0
1636 19 26 0
1637 27 27 0
1638 28 28 0
1639 29 33 0
1640 34 99 0
1641 0 99 0
1642 0 99 0
1643 0 99 0
1644 0 23 0
1645 24 34 0
1646 35 38 0
1647 39 75 0
1648 76 83 0
1649 84 84 0
1650 85 87 0
1651 88 99 0
1652 0 99 0
1653 0 0 0
1654 1 3 0
1655 4 4 0
1656 5 11 0
1657 12 13 0
1658 14 16 0
1659 17 20 0
1660 21 21 0
1661 22 59 0
1662 60 60 0
1663 61 61 0
1664 62 63 0
1665 64 74 0
1666 75 75 0
1667 76 77 0
1668 78 94 0
1669 95 96 0
1670 97 97 0
1671 98 98 0
1672 99 99 0
1673 0 48 0
1674 49 55 0
1675 56 76 0
1676 77 77 0
1677 78 78 0
1678 79 80 0
1679 81 84 0
1680 85 99 0
1681 0 48 0
1682 49 99 0
1683 0 99 0
1684 0 46 0
1685 47 47 0
1686 48 60 0
1687 61 61 0
1688 62 99 0
1689 0 99 0
1690 0 99 0
1691 0 28 0
1692 29 30 0
1693 31 33 0
1694 34 52 0
1695 53 54 0
1696 55 63 0
1697 64 64 0
1698 65 66 0
1699 67 69 0
1700 70 71 0
1701 72 72 0
1702 73 79 0
1703 80 80 0
1704 81 81 0
1705 82 82 0
1706 83 83 0
1707 84 84 0
1708 85 85 0
1709 86 86 0
1710 87 87 0
1711 88 89 0
1712 90 92 0
1713 93 99 0
1714 0 99 0
1715 0 99 0
1716 0 4 0
1717 5 11 0
1718 12 12 0
1719 13 80 0
1720 81 81 0
1721 82 87 0
1722 88 99 0
1723 0 99 0
1724 0 19 0
1725 20 20 0
1726 21 21 0
1727 22 22 0
1728 23 33 0
1729 34 44 0
1730 45 49 0
1731 50 51 0
1732 52 71 0
1733 72 78 0
1734 79 80 0
1735 81 99 0
1736 0 99 0
1737 0 99 0
1738 0 53 0
1739 54 55 0
1740 56 67 0
1741 68 68 0
1742 69 84 0
1743 85 99 0
1744 0 99 0
1745 0 42 0
1746 43 44 0
1747 45 99 0
1748 0 99 0
1749 0 28 0
1750 29 32 0
1751 33 35 0
1752 36 77 0
1753 78 78 0
1754 79 85 0
1755 86 86 0
1756 87 87 0
1757 88 89 0
1758 90 92 0
1759 93 94 0
1760 95 95 0
1761 96 96 0
1762 97 99 0
1763 0 99 0
1764 0 11 0
1765 12 17 0
1766 18 33 0
1767 34 99 0
1768 0 99 0
1769 0 38 0
1770 39 40 0
1771 41 41 0
1772 42 42 0
1773 43 43 0
1774 44 45 0
1775 46 50 0
1776 51 64 0
1777 65 79 0
1778 80 99 0
1779 0 32 0
1780 33 38 0
1781 39 39 0
1782 40 42 0
1783 43 46 0
1784 47 56 0
1785 57 60 0
1786 61 99 0
1787 0 99 0
1788 0 30 0
1789 31 34 0
1790 35 35 0
1791 36 36 0
1792 37 37 0
1793 38 40 0
1794 41 41 0
1795 42 42 0
1796 43 99 0
1797 0 98 0
1798 99 99 0
1799 0 3 0
1800 4 19 0
1801 20 22 0
1802 23 23 0
1803 24 51 0
1804 52 60 0
1805 61 99 0
1806 0 21 0
1807 22 30 0
1808 31 32 0
1809 33 33 0
1810 34 36 0
1811 37 38 0
1812 39 39 0
1813 40 40 0
1814 41 47 0
1815 48 48 0
1816 49 51 0
1817 52 58 0
1818 59 99 0
1819 0 26 0
1820 27 40 0
1821 41 41 0
1822 42 42 0
1823 43 43 0
1824 44 47 0
1825 48 99 0
1826 0 99 0
1827 0 99 0
1828 0 99 0
1829 0 99 0
1830 0 45 0
1831 46 46 0
1832 47 49 0
1833 50 51 0
1834 52 54 0
1835 55 58 0
1836 59 59 0
1837 60 61 0
1838 62 62 0
1839 63 64 0
1840 65 83 0
1841 84 84 0
1842 85 85 0
1843 86 99 0
1844 0 99 0
1845 0 70 0
1846 71 73 0
1847 74 75 0
1848 76 99 0
1849 0 12 0
1850 13 14 0
1851 15 15 0
1852 16 17 0
1853 18 99 0
1854 0 99 0
1855 0 11 0
1856 12 13 0
1857 14 14 0
1858 15 15 0
1859 16 17 0
1860 18 18 0
1861 19 19 0
1862 20 22 0
1863 23 34 0
1864 35 35 0
1865 36 36 0
1866 37 45 0
1867 46 99 0
1868 0 67 0
1869 68 72 0
1870 73 74 0
1871 75 75 0
1872 76 99 0
1873 0 0 0
1874 1 37 0
1875 38 38 0
1876 39 43 0
1877 44 46 0
1878 47 48 0
1879 49 49 0
1880 50 57 0
1881 58 58 0
1882 59 60 0
1883 61 61 0
1884 62 63 0
1885 64 65 0
1886 66 66 0
1887 67 68 0
1888 69 76 0
1889 77 99 0
1890 0 19 0
1891 20 22 0
1892 23 24 0
1893 25 25 0
1894 26 26 0
1895 27 29 0
1896 30 30 0
1897 31 34 0
1898 35 37 0
1899 38 39 0
1900 40 42 0
1901 43 70 0
1902 71 71 0
1903 72 78 0
1904 79 79 0
1905 80 80 0
1906 81 81 0
1907 82 82 0
1908 83 83 0
1909 84 84 0
1910 85 87 0
1911 88 96 0
1912 97 99 0
1913 0 2 0
1914 3 3 0
1915 4 6 0
1916 7 9 0
1917 10 14 0
1918 15 16 0
1919 17 19 0
1920 20 20 0
1921 21 33 0
1922 34 34 0
1923 35 35 0
1924 36 36 0
1925 37 39 0
1926 40 43 0
1927 44 45 0
1928 46 48 0
1929 49 49 0
1930 50 50 0
1931 51 59 0
1932 60 60 0
1933 61 70 0
1934 71 71 0
1935 72 74 0
1936 75 75 0
1937 76 83 0
1938 84 88 0
1939 89 89 0
1940 90 90 0
1941 91 91 0
1942 92 92 0
1943 93 99 0
1944 0 16 0
1945 17 30 0
1946 31 46 0
1947 47 47 0
1948 48 67 0
1949 68 71 0
1950 72 86 0
1951 87 87 0
1952 88 91 0
1953 92 92 0
1954 93 99 0
1955 0 99 0
1956 0 12 0
1957 13 28 0
1958 29 99 0
1959 0 99 0
