0 0 19 0
3 0 19 0
7 0 19 0
8 0 19 0
9 0 19 0
11 0 8 0
12 9 9 0
13 10 19 0
17 0 19 0
18 0 2 0
19 3 6 0
20 7 10 0
21 11 19 0
22 0 19 0
23 0 19 0
27 0 19 0
28 0 19 0
33 0 19 0
35 0 19 0
36 0 19 0
37 0 19 0
38 0 19 0
39 0 19 0
40 0 19 0
53 0 19 0
54 0 19 0
60 0 4 0
61 5 6 0
62 7 7 0
63 8 19 0
65 0 2 0
66 3 18 0
67 19 19 0
73 0 19 0
74 0 3 0
75 4 9 0
76 10 10 0
77 11 19 0
89 0 11 0
90 12 16 0
91 17 17 0
92 18 19 0
114 0 19 0
117 0 19 0
118 0 19 0
119 0 19 0
120 0 19 0
121 0 19 0
124 0 19 0
126 0 19 0
127 0 19 0
128 0 19 0
129 0 16 0
130 17 19 0
136 0 19 0
137 0 19 0
138 0 19 0
139 0 19 0
140 0 19 0
144 0 12 0
145 13 13 0
146 14 19 0
150 0 19 0
151 0 19 0
152 0 19 0
153 0 19 0
159 0 19 0
163 0 19 0
164 0 19 0
165 0 19 0
166 0 19 0
167 0 19 0
176 0 19 0
187 0 19 0
188 0 19 0
189 0 19 0
190 0 19 0
191 0 19 0
192 0 6 0
193 7 14 0
194 15 19 0
206 0 19 0
207 0 19 0
208 0 15 0
209 16 19 0
215 0 19 0
220 0 18 0
221 19 19 0
224 0 0 0
225 1 3 0
226 4 19 0
232 0 19 0
233 0 11 0
234 12 13 0
235 14 17 0
236 18 18 0
237 19 19 0
247 0 19 0
249 0 19 0
250 0 19 0
251 0 3 0
252 4 10 0
253 11 11 0
254 12 14 0
255 15 16 0
256 17 18 0
257 19 19 0
262 0 19 0
263 0 19 0
264 0 19 0
265 0 19 0
266 0 19 0
267 0 19 0
268 0 19 0
269 0 11 0
270 12 19 0
272 0 19 0
273 0 19 0
274 0 19 0
275 0 19 0
276 0 19 0
281 0 19 0
282 0 19 0
298 0 19 0
299 0 19 0
300 0 19 0
301 0 19 0
310 0 19 0
311 0 19 0
314 0 19 0
315 0 19 0
316 0 19 0
317 0 19 0
318 0 8 0
319 9 9 0
320 10 12 0
321 13 19 0
340 0 19 0
341 0 19 0
342 0 19 0
343 0 10 0
344 11 11 0
345 12 14 0
346 15 17 0
347 18 19 0
359 0 19 0
360 0 19 0
361 0 19 0
362 0 19 0
377 0 19 0
378 0 19 0
379 0 19 0
390 0 19 0
391 0 19 0
392 0 19 0
393 0 15 0
394 16 17 0
395 18 19 0
404 0 19 0
405 0 19 0
406 0 19 0
411 0 19 0
412 0 19 0
415 0 6 0
416 7 19 0
419 0 19 0
420 0 19 0
421 0 19 0
422 0 19 0
423 0 19 0
424 0 19 0
425 0 19 0
436 0 19 0
437 0 19 0
438 0 19 0
443 0 19 0
444 0 19 0
445 0 19 0
446 0 0 0
447 1 12 0
448 13 15 0
449 16 17 0
450 18 18 0
451 19 19 0
463 0 19 0
464 0 19 0
466 0 6 0
467 7 7 0
468 8 8 0
469 9 10 0
470 11 16 0
471 17 17 0
472 18 19 0
479 0 10 0
480 11 16 0
481 17 17 0
482 18 19 0
486 0 1 0
487 2 4 0
488 5 5 0
489 6 6 0
490 7 19 0
496 0 10 0
497 11 19 0
498 0 19 0
500 0 19 0
501 0 19 0
502 0 19 0
503 0 19 0
504 0 1 0
505 2 4 0
506 5 7 0
507 8 9 0
508 10 13 0
509 14 19 0
518 0 19 0
519 0 16 0
520 17 17 0
521 18 19 0
525 0 19 0
526 0 19 0
527 0 19 0
528 0 19 0
532 0 19 0
534 0 19 0
535 0 19 0
536 0 19 0
544 0 19 0
547 0 3 0
548 4 19 0
557 0 19 0
558 0 19 0
559 0 19 0
563 0 19 0
564 0 19 0
569 0 5 0
570 6 6 0
571 7 8 0
572 9 19 0
575 0 19 0
584 0 19 0
591 0 19 0
592 0 19 0
601 0 19 0
602 0 19 0
603 0 19 0
604 0 19 0
609 0 19 0
621 0 19 0
622 0 19 0
623 0 19 0
627 0 17 0
628 18 19 0
629 0 12 0
630 13 13 0
631 14 17 0
632 18 18 0
633 19 19 0
637 0 1 0
638 2 2 0
639 3 4 0
640 5 19 0
647 0 19 0
651 0 19 0
661 0 19 0
667 0 19 0
674 0 19 0
676 0 19 0
679 0 19 0
683 0 19 0
684 0 19 0
685 0 19 0
686 0 19 0
687 0 7 0
688 8 8 0
689 9 19 0
690 0 19 0
691 0 19 0
696 0 19 0
697 0 19 0
698 0 1 0
699 2 13 0
700 14 19 0
702 0 19 0
703 0 19 0
704 0 1 0
705 2 4 0
706 5 5 0
707 6 15 0
708 16 19 0
715 0 19 0
716 0 19 0
717 0 19 0
718 0 19 0
719 0 19 0
720 0 19 0
721 0 19 0
722 0 19 0
723 0 19 0
724 0 19 0
725 0 19 0
726 0 0 0
727 1 1 0
728 2 4 0
729 5 5 0
730 6 6 0
731 7 7 0
732 8 8 0
733 9 19 0
746 0 19 0
747 0 19 0
753 0 19 0
754 0 19 0
755 0 13 0
756 14 16 0
757 17 19 0
763 0 19 0
764 0 19 0
765 0 18 0
766 19 19 0
767 0 19 0
775 0 13 0
776 14 14 0
777 15 19 0
780 0 19 0
781 0 19 0
789 0 19 0
790 0 19 0
791 0 19 0
793 0 19 0
794 0 19 0
795 0 19 0
796 0 19 0
797 0 19 0
798 0 19 0
799 0 19 0
800 0 3 0
801 4 4 0
802 5 5 0
803 6 18 0
804 19 19 0
805 0 4 0
806 5 13 0
807 14 14 0
808 15 19 0
814 0 19 0
815 0 19 0
816 0 19 0
817 0 1 0
818 2 19 0
821 0 19 0
822 0 19 0
823 0 19 0
824 0 19 0
825 0 19 0
830 0 8 0
831 9 9 0
832 10 11 0
833 12 19 0
837 0 19 0
838 0 19 0
839 0 19 0
840 0 19 0
841 0 19 0
847 0 19 0
848 0 19 0
852 0 19 0
853 0 4 0
854 5 19 0
856 0 19 0
857 0 19 0
858 0 1 0
859 2 10 0
860 11 14 0
861 15 19 0
869 0 19 0
870 0 6 0
871 7 7 0
872 8 9 0
873 10 13 0
874 14 19 0
877 0 19 0
878 0 19 0
879 0 9 0
880 10 19 0
889 0 19 0
898 0 19 0
899 0 19 0
900 0 19 0
909 0 19 0
910 0 19 0
911 0 19 0
912 0 19 0
920 0 1 0
921 2 4 0
922 5 5 0
923 6 7 0
924 8 15 0
925 16 16 0
926 17 19 0
931 0 19 0
932 0 19 0
933 0 19 0
935 0 19 0
953 0 0 0
954 1 1 0
955 2 2 0
956 3 4 0
957 5 19 0
959 0 19 0
960 0 19 0
968 0 19 0
969 0 19 0
970 0 19 0
971 0 19 0
976 0 19 0
977 0 19 0
978 0 19 0
979 0 19 0
981 0 19 0
982 0 5 0
983 6 7 0
984 8 8 0
985 9 19 0
987 0 19 0
988 0 19 0
989 0 12 0
990 13 14 0
991 15 16 0
992 17 19 0
998 0 19 0
999 0 19 0
1010 0 19 0
1011 0 19 0
1012 0 15 0
1013 16 19 0
1016 0 19 0
1017 0 19 0
1018 0 0 0
1019 1 8 0
1020 9 10 0
1021 11 11 0
1022 12 15 0
1023 16 16 0
1024 17 19 0
1030 0 19 0
1031 0 19 0
1036 0 19 0
1040 0 19 0
1041 0 19 0
1042 0 19 0
1043 0 19 0
1058 0 19 0
1060 0 19 0
1062 0 19 0
1067 0 1 0
1068 2 2 0
1069 3 5 0
1070 6 6 0
1071 7 7 0
1072 8 13 0
1073 14 14 0
1074 15 15 0
1075 16 16 0
1076 17 17 0
1077 18 19 0
1082 0 19 0
1083 0 19 0
1084 0 19 0
1085 0 19 0
1088 0 14 0
1089 15 15 0
1090 16 16 0
1091 17 19 0
1100 0 0 0
1101 1 1 0
1102 2 3 0
1103 4 19 0
1110 0 1 0
1111 2 3 0
1112 4 10 0
1113 11 13 0
1114 14 15 0
1115 16 16 0
1116 17 17 0
1117 18 18 0
1118 19 19 0
1128 0 19 0
1129 0 7 0
1130 8 9 0
1131 10 19 0
1132 0 19 0
1133 0 19 0
1137 0 19 0
1138 0 19 0
1139 0 19 0
1140 0 19 0
1141 0 19 0
1148 0 19 0
1156 0 4 0
1157 5 5 0
1158 6 6 0
1159 7 19 0
1166 0 19 0
1167 0 19 0
1175 0 19 0
1176 0 19 0
1177 0 7 0
1178 8 8 0
1179 9 19 0
1184 0 19 0
1185 0 19 0
1186 0 19 0
1187 0 19 0
1188 0 19 0
1189 0 19 0
1190 0 19 0
1201 0 19 0
1202 0 19 0
1211 0 19 0
1215 0 19 0
1216 0 19 0
1217 0 19 0
1218 0 19 0
1228 0 19 0
1229 0 19 0
1230 0 19 0
1231 0 19 0
1237 0 19 0
1238 0 1 0
1239 2 6 0
1240 7 9 0
1241 10 19 0
1247 0 19 0
1250 0 19 0
1253 0 19 0
1254 0 19 0
1258 0 19 0
1259 0 19 0
1260 0 19 0
1268 0 19 0
1269 0 19 0
1270 0 9 0
1271 10 19 0
1274 0 19 0
1275 0 19 0
1287 0 19 0
1288 0 19 0
1289 0 19 0
1290 0 19 0
1291 0 19 0
1296 0 19 0
1297 0 19 0
1305 0 19 0
1306 0 19 0
1312 0 19 0
1313 0 19 0
1322 0 19 0
1330 0 19 0
1331 0 19 0
1342 0 19 0
1343 0 6 0
1344 7 7 0
1345 8 19 0
1353 0 19 0
1377 0 19 0
1386 0 19 0
1387 0 19 0
1388 0 19 0
1389 0 19 0
1390 0 19 0
1393 0 19 0
1394 0 19 0
1395 0 0 0
1396 1 1 0
1397 2 16 0
1398 17 17 0
1399 18 19 0
1404 0 19 0
1405 0 19 0
1420 0 19 0
1421 0 0 0
1422 1 19 0
1428 0 10 0
1429 11 11 0
1430 12 19 0
1445 0 2 0
1446 3 3 0
1447 4 4 0
1448 5 7 0
1449 8 8 0
1450 9 9 0
1451 10 12 0
1452 13 18 0
1453 19 19 0
1477 0 19 0
1482 0 19 0
1483 0 19 0
1486 0 19 0
