3 0 209 0
4 0 143 0
5 0 270 0
6 0 297 0
7 0 142 0
8 0 89 0
9 0 53 0
10 0 216 0
11 0 8 0
12 0 4 0
13 0 243 0
14 0 134 0
15 0 176 0
16 0 31 0
17 0 234 0
18 0 142 0
19 0 99 0
20 0 37 0
21 0 133 0
22 0 198 0
23 0 149 0
24 0 239 0
25 0 197 0
26 0 149 0
27 0 99 0
28 0 161 0
29 0 90 0
30 0 323 0
31 0 216 0
32 0 23 0
33 0 779 0
34 195 225 0
35 187 211 0
36 165 296 0
37 455 476 0
38 184 400 0
39 235 376 0
40 255 270 0
41 277 355 0
42 294 341 0
43 248 440 0
44 305 351 0
45 311 358 0
46 196 216 0
47 322 349 0
48 339 389 0
49 392 444 0
50 489 695 0
51 442 460 0
52 448 583 0
53 555 653 0
54 505 599 0
55 519 526 0
56 547 617 0
57 634 670 0
58 564 750 0
59 570 779 0
60 555 573 0
61 576 648 0
62 603 627 0
63 680 770 0
65 678 719 0
66 682 708 0
67 702 750 0
68 773 779 0
69 779 779 0
72 700 779 0
73 540 557 0
74 604 765 0
75 608 698 0
76 650 669 0
77 621 743 0
78 746 771 0
79 742 779 0
80 745 779 0
81 771 779 0
82 665 779 0
83 495 524 0
84 600 779 0
85 632 686 0
86 671 779 0
87 740 779 0
88 740 779 0
89 767 779 0
90 378 566 0
91 250 291 0
92 398 408 0
93 576 779 0
94 620 753 0
95 663 722 0
96 706 779 0
97 744 779 0
98 753 779 0
99 776 779 0
100 343 423 0
101 506 566 0
102 775 779 0
103 736 779 0
104 519 681 0
105 547 579 0
106 542 779 0
107 563 615 0
108 623 674 0
109 591 662 0
110 753 779 0
111 774 779 0
112 684 779 0
113 725 779 0
114 755 779 0
115 724 779 0
122 210 399 3
123 210 377 3
124 144 385 4
125 144 368 4
126 271 543 5
127 271 452 5
128 298 469 6
129 298 504 6
130 143 339 7
131 143 352 7
132 90 337 8
133 90 301 8
134 54 232 9
135 54 337 9
136 217 348 10
137 217 356 10
138 9 167 11
139 9 195 11
140 5 191 12
141 5 182 12
142 244 412 13
143 244 404 13
144 135 342 14
145 135 343 14
146 177 771 15
147 177 779 15
148 32 185 16
149 32 198 16
150 235 406 17
151 235 406 17
152 143 334 18
153 143 185 18
154 134 157 21
155 134 276 21
156 199 268 22
157 199 364 22
158 240 779 24
159 240 442 24
160 198 430 25
161 198 423 25
162 150 349 26
163 150 335 26
164 100 221 27
165 100 169 27
166 162 469 28
167 162 779 28
168 91 245 29
169 91 263 29
170 324 657 30
171 324 779 30
172 217 242 31
173 217 779 31
174 24 184 32
175 24 204 32
176 297 475 36
177 297 330 36
178 477 631 37
179 401 599 38
180 401 667 38
181 377 522 39
182 377 570 39
183 356 520 41
184 356 512 41
185 342 492 42
186 342 383 42
187 441 637 43
188 441 717 43
189 359 417 45
190 359 538 45
191 390 469 48
192 390 458 48
193 445 459 49
194 445 509 49
195 696 779 50
196 696 779 50
197 468 492 0
198 584 779 52
199 584 779 52
200 654 779 53
201 654 779 53
202 600 675 54
203 600 736 54
204 618 752 56
205 671 779 57
206 671 779 57
207 649 737 61
208 649 779 61
209 628 779 62
210 771 779 63
211 771 779 63
214 709 717 66
215 709 779 66
216 751 779 67
217 751 753 67
220 558 625 73
221 558 562 73
222 766 779 74
223 766 779 74
224 744 779 77
225 744 779 77
226 525 553 83
227 525 543 83
228 567 779 90
229 567 779 90
230 424 694 100
231 424 443 100
232 567 758 101
233 567 742 101
234 682 779 104
235 682 718 104
236 675 779 108
237 675 779 108
238 663 672 109
239 663 779 109
252 400 779 122
253 400 779 122
254 378 779 123
255 378 779 123
256 386 779 124
257 386 638 124
258 369 571 125
259 369 593 125
260 544 730 126
261 544 720 126
262 453 686 127
263 453 680 127
264 470 689 128
265 470 648 128
266 505 677 129
267 505 672 129
268 340 536 130
269 340 554 130
270 353 572 131
271 353 594 131
272 338 585 132
273 338 568 132
274 302 544 133
275 302 496 133
276 233 400 134
277 233 367 134
278 338 527 135
279 338 523 135
280 349 423 136
281 349 553 136
282 357 579 137
283 357 552 137
284 196 346 139
285 196 280 139
286 192 299 140
287 192 396 140
288 183 340 141
289 183 370 141
290 413 731 142
291 413 779 142
292 405 619 143
293 405 625 143
294 343 454 144
295 343 382 144
296 344 388 145
297 344 527 145
298 772 779 146
299 772 779 146
300 186 373 148
301 186 370 148
302 199 376 149
303 199 365 149
304 407 409 150
305 407 559 150
306 407 544 151
307 407 594 151
308 335 412 152
309 335 502 152
310 277 409 155
311 277 386 155
312 386 415 0
313 443 499 159
314 443 447 159
315 431 677 160
316 431 779 160
317 424 639 161
318 424 686 161
319 350 568 162
320 350 578 162
321 336 542 163
322 336 515 163
323 222 350 164
324 222 360 164
325 470 739 166
326 470 679 166
327 246 357 168
328 246 408 168
329 264 431 169
330 264 423 169
331 658 779 170
332 658 779 170
333 658 779 170
334 185 291 174
335 185 405 174
336 205 381 175
337 205 362 175
338 476 512 176
339 476 779 176
340 600 630 179
341 600 731 179
342 668 779 180
343 668 779 180
344 523 738 181
345 523 779 181
346 571 779 182
347 571 779 182
348 521 741 183
349 521 705 183
350 513 702 184
351 513 566 184
352 638 779 187
353 638 779 187
354 718 779 188
355 718 779 188
356 539 555 190
357 539 729 190
364 737 779 203
365 737 779 203
366 753 779 204
367 753 772 204
374 695 776 230
375 695 726 230
376 759 779 232
377 759 779 232
378 743 748 233
379 743 779 233
404 639 779 257
405 639 779 257
406 572 779 258
407 572 779 258
408 594 773 259
409 594 764 259
410 731 779 260
411 731 779 260
412 721 779 261
413 721 779 261
414 687 779 262
415 687 779 262
416 681 779 263
417 681 779 263
418 690 779 264
419 690 779 264
420 649 779 265
421 649 779 265
422 678 779 266
423 678 779 266
424 673 779 267
425 673 779 267
426 537 779 268
427 537 779 268
428 555 779 269
429 555 779 269
430 573 779 270
431 573 779 270
432 595 779 271
433 595 779 271
434 586 779 272
435 586 779 272
436 569 779 273
437 569 779 273
438 545 779 274
439 545 761 274
440 497 779 275
441 497 779 275
442 401 776 276
443 401 746 276
444 368 556 277
445 368 591 277
446 528 779 278
447 528 726 278
448 524 779 279
449 524 760 279
450 554 679 281
451 554 779 281
452 580 779 282
453 580 779 282
454 553 779 283
455 553 556 283
456 397 611 287
457 397 627 287
458 341 538 288
459 341 412 288
460 371 576 289
461 371 552 289
462 732 779 290
463 732 779 290
466 620 779 292
467 620 779 292
468 528 779 297
469 528 673 297
470 374 509 300
471 374 497 300
472 371 516 301
473 371 516 301
474 377 532 302
475 377 536 302
476 366 502 303
477 366 500 303
478 560 779 305
479 560 779 305
480 545 779 306
481 545 779 306
482 595 779 307
483 595 779 307
484 521 689 0
485 410 540 310
486 410 563 310
487 387 514 311
488 387 508 311
489 678 779 315
490 678 779 315
493 640 663 317
494 640 779 317
495 687 779 318
496 687 779 318
497 569 779 319
498 569 779 319
499 579 779 320
500 579 779 320
501 543 779 321
502 543 779 321
503 516 779 322
504 516 530 322
505 351 513 323
506 351 518 323
507 361 568 324
508 361 549 324
509 740 779 325
510 740 779 325
511 680 779 326
512 680 779 326
513 358 508 327
514 358 512 327
515 409 614 328
516 409 640 328
517 432 595 329
518 432 584 329
519 424 581 330
520 424 606 330
521 406 669 335
522 406 632 335
523 382 545 336
524 382 550 336
525 363 430 337
526 363 718 337
527 732 779 341
528 732 779 341
529 739 779 344
534 742 779 348
535 742 779 348
536 706 710 349
537 706 779 349
538 703 779 350
539 703 779 350
540 730 779 357
541 730 779 357
562 774 779 408
563 774 779 408
564 765 779 409
565 765 779 409
580 762 779 439
581 762 779 439
584 777 779 442
585 777 779 442
586 747 779 443
587 747 779 443
588 557 772 444
589 557 779 444
590 592 779 445
591 592 779 445
592 727 779 447
593 727 779 447
596 761 779 449
597 761 779 449
598 612 779 456
599 612 779 456
600 628 779 457
601 628 779 457
602 539 779 458
603 539 779 458
604 577 779 460
605 577 779 460
606 553 556 461
607 553 554 461
610 510 638 470
611 510 704 470
612 498 633 471
613 498 618 471
614 517 779 472
615 517 672 472
616 517 681 473
617 517 643 473
618 533 686 474
619 533 673 474
620 537 681 475
621 537 690 475
622 503 645 476
623 503 632 476
624 501 655 477
625 501 677 477
632 690 779 484
633 690 779 484
634 541 712 485
635 541 722 485
636 573 779 0
637 515 732 487
638 515 694 487
639 509 627 488
640 509 565 488
643 514 602 505
644 514 526 505
645 519 678 506
646 519 669 506
647 569 779 507
648 569 779 507
649 550 773 508
650 550 759 508
651 509 698 513
652 509 745 513
653 513 768 514
654 513 779 514
655 615 779 515
656 615 631 515
657 641 779 516
658 641 779 516
659 596 779 517
660 596 779 517
661 585 779 518
662 585 779 518
663 582 779 519
664 582 779 519
665 607 779 520
666 607 779 520
667 670 779 521
668 670 779 521
669 633 779 522
670 633 779 522
671 546 675 523
672 546 612 523
673 551 779 524
674 551 779 524
675 719 779 526
676 719 779 526
677 773 779 588
678 773 779 588
681 639 779 610
682 639 779 610
683 705 779 611
684 705 779 611
685 634 740 612
686 634 701 612
687 619 779 613
688 619 779 613
689 673 779 615
690 673 779 615
691 682 779 616
692 682 779 616
693 644 779 617
694 644 779 617
695 687 779 618
696 687 779 618
697 674 779 619
698 674 779 619
699 682 779 620
700 682 779 620
701 691 779 621
702 691 779 621
703 646 779 622
704 646 779 622
705 633 779 623
706 633 779 623
707 656 779 624
708 656 779 624
709 678 720 625
710 678 779 625
711 713 779 634
712 713 779 634
713 723 779 635
714 723 779 635
717 733 779 637
718 733 779 637
719 695 779 638
720 695 779 638
721 628 779 639
722 628 779 639
723 679 779 645
724 679 779 645
725 670 779 646
726 670 779 646
731 774 779 649
732 774 779 649
733 760 779 650
734 760 779 650
735 699 779 651
736 699 779 651
737 746 779 652
738 746 779 652
739 769 779 653
740 769 779 653
