0 0 19 0
3 0 19 0
8 0 19 0
13 0 19 0
16 0 19 0
19 0 9 0
20 10 19 0
27 0 19 0
30 0 1 0
31 2 2 0
32 3 3 0
33 4 19 0
34 0 19 0
35 0 19 0
45 0 19 0
46 0 19 0
59 0 11 0
60 12 19 0
61 0 19 0
62 0 19 0
63 0 19 0
64 0 19 0
65 0 19 0
66 0 15 0
67 16 19 0
83 0 19 0
84 0 19 0
95 0 1 0
96 2 15 0
97 16 19 0
100 0 0 0
101 1 8 0
102 9 19 0
104 0 19 0
105 0 1 0
106 2 8 0
107 9 19 0
113 0 4 0
114 5 5 0
115 6 6 0
116 7 8 0
117 9 12 0
118 13 13 0
119 14 17 0
120 18 18 0
121 19 19 0
141 0 19 0
148 0 19 0
151 0 19 0
152 0 19 0
153 0 19 0
154 0 19 0
159 0 19 0
175 0 19 0
176 0 19 0
180 0 19 0
181 0 6 0
182 7 7 0
183 8 17 0
184 18 19 0
189 0 19 0
190 0 19 0
191 0 19 0
202 0 19 0
208 0 19 0
212 0 7 0
213 8 19 0
214 0 19 0
217 0 19 0
220 0 19 0
221 0 19 0
228 0 19 0
232 0 19 0
233 0 19 0
241 0 19 0
242 0 19 0
246 0 7 0
247 8 9 0
248 10 13 0
249 14 19 0
251 0 8 0
252 9 11 0
253 12 19 0
260 0 19 0
261 0 19 0
262 0 19 0
263 0 19 0
264 0 19 0
267 0 2 0
268 3 5 0
269 6 7 0
270 8 8 0
271 9 19 0
276 0 19 0
279 0 19 0
299 0 5 0
300 6 14 0
301 15 18 0
302 19 19 0
307 0 19 0
320 0 8 0
321 9 19 0
322 0 0 0
323 1 1 0
324 2 19 0
330 0 19 0
331 0 3 0
332 4 5 0
333 6 7 0
334 8 16 0
335 17 17 0
336 18 19 0
344 0 7 0
345 8 19 0
352 0 19 0
353 0 19 0
354 0 1 0
355 2 5 0
356 6 6 0
357 7 19 0
369 0 19 0
370 0 19 0
376 0 19 0
377 0 19 0
380 0 19 0
381 0 19 0
382 0 19 0
384 0 4 0
385 5 19 0
387 0 19 0
388 0 19 0
389 0 19 0
392 0 19 0
393 0 19 0
399 0 19 0
400 0 14 0
401 15 15 0
402 16 16 0
403 17 18 0
404 19 19 0
424 0 19 0
433 0 19 0
439 0 19 0
440 0 19 0
448 0 19 0
455 0 7 0
456 8 8 0
457 9 19 0
461 0 19 0
462 0 19 0
463 0 19 0
468 0 19 0
469 0 4 0
470 5 8 0
471 9 13 0
472 14 14 0
473 15 15 0
474 16 17 0
475 18 19 0
481 0 19 0
482 0 19 0
483 0 19 0
484 0 3 0
485 4 4 0
486 5 5 0
487 6 6 0
488 7 14 0
489 15 15 0
490 16 16 0
491 17 19 0
505 0 19 0
506 0 19 0
509 0 19 0
510 0 9 0
511 10 10 0
512 11 12 0
513 13 13 0
514 14 16 0
515 17 19 0
518 0 19 0
519 0 19 0
533 0 7 0
534 8 10 0
535 11 11 0
536 12 14 0
537 15 17 0
538 18 19 0
549 0 19 0
552 0 19 0
553 0 19 0
562 0 5 0
563 6 6 0
564 7 9 0
565 10 19 0
579 0 19 0
580 0 19 0
588 0 19 0
600 0 19 0
601 0 19 0
612 0 2 0
613 3 19 0
615 0 19 0
625 0 19 0
633 0 19 0
634 0 19 0
643 0 19 0
644 0 19 0
645 0 19 0
659 0 19 0
661 0 19 0
667 0 19 0
678 0 19 0
679 0 19 0
681 0 19 0
683 0 0 0
684 1 4 0
685 5 5 0
686 6 8 0
687 9 12 0
688 13 13 0
689 14 14 0
690 15 19 0
696 0 19 0
704 0 16 0
705 17 19 0
709 0 3 0
710 4 4 0
711 5 19 0
714 0 4 0
715 5 19 0
720 0 0 0
721 1 1 0
722 2 6 0
723 7 7 0
724 8 11 0
725 12 14 0
726 15 15 0
727 16 19 0
733 0 3 0
734 4 19 0
735 0 7 0
736 8 19 0
737 0 19 0
738 0 19 0
758 0 19 0
759 0 19 0
760 0 0 0
761 1 1 0
762 2 2 0
763 3 3 0
764 4 5 0
765 6 16 0
766 17 19 0
778 0 19 0
779 0 19 0
786 0 19 0
787 0 19 0
790 0 19 0
792 0 11 0
793 12 19 0
794 0 19 0
803 0 19 0
811 0 19 0
813 0 19 0
824 0 19 0
832 0 1 0
833 2 19 0
838 0 19 0
839 0 19 0
842 0 12 0
843 13 13 0
844 14 16 0
845 17 19 0
849 0 19 0
855 0 18 0
856 19 19 0
860 0 1 0
861 2 2 0
862 3 3 0
863 4 7 0
864 8 11 0
865 12 19 0
866 0 19 0
880 0 10 0
881 11 11 0
882 12 19 0
888 0 19 0
889 0 16 0
890 17 19 0
906 0 19 0
907 0 19 0
909 0 19 0
922 0 19 0
924 0 9 0
925 10 19 0
932 0 19 0
933 0 19 0
937 0 19 0
950 0 6 0
951 7 19 0
958 0 8 0
959 9 10 0
960 11 19 0
962 0 1 0
963 2 12 0
964 13 13 0
965 14 19 0
976 0 19 0
986 0 19 0
1005 0 19 0
1013 0 17 0
1014 18 19 0
1027 0 19 0
1033 0 19 0
1039 0 12 0
1040 13 14 0
1041 15 19 0
1050 0 19 0
1051 0 19 0
1052 0 19 0
1053 0 19 0
1062 0 2 0
1063 3 3 0
1064 4 19 0
1065 0 19 0
1066 0 19 0
1071 0 19 0
1072 0 19 0
1079 0 0 0
1080 1 5 0
1081 6 19 0
1083 0 19 0
1084 0 19 0
1090 0 2 0
1091 3 5 0
1092 6 16 0
1093 17 19 0
1104 0 19 0
1106 0 19 0
1120 0 19 0
1121 0 19 0
1122 0 19 0
1123 0 19 0
1124 0 19 0
1125 0 19 0
1126 0 19 0
1127 0 19 0
1130 0 19 0
1131 0 0 0
1132 1 1 0
1133 2 2 0
1134 3 3 0
1135 4 7 0
1136 8 8 0
1137 9 13 0
1138 14 16 0
1139 17 17 0
1140 18 19 0
1152 0 19 0
1153 0 19 0
1157 0 19 0
1158 0 19 0
1159 0 5 0
1160 6 6 0
1161 7 10 0
1162 11 13 0
1163 14 19 0
1176 0 19 0
1177 0 19 0
1178 0 6 0
1179 7 19 0
1188 0 19 0
1195 0 4 0
1196 5 5 0
1197 6 6 0
1198 7 8 0
1199 9 9 0
1200 10 10 0
1201 11 19 0
1204 0 19 0
1207 0 19 0
1214 0 19 0
1215 0 19 0
1216 0 19 0
1227 0 19 0
1232 0 19 0
1233 0 19 0
1236 0 19 0
1252 0 19 0
1259 0 19 0
1260 0 19 0
1261 0 0 0
1262 1 1 0
1263 2 2 0
1264 3 6 0
1265 7 19 0
1268 0 1 0
1269 2 4 0
1270 5 5 0
1271 6 7 0
1272 8 19 0
1280 0 19 0
1286 0 19 0
1287 0 19 0
1289 0 0 0
1290 1 13 0
1291 14 14 0
1292 15 19 0
1299 0 19 0
1302 0 19 0
1308 0 19 0
1309 0 19 0
1313 0 19 0
1325 0 4 0
1326 5 7 0
1327 8 19 0
1335 0 19 0
1336 0 19 0
1342 0 19 0
1343 0 19 0
1346 0 19 0
1348 0 19 0
1349 0 19 0
1355 0 19 0
1356 0 1 0
1357 2 10 0
1358 11 19 0
1362 0 19 0
1366 0 19 0
1370 0 0 0
1371 1 3 0
1372 4 5 0
1373 6 12 0
1374 13 18 0
1375 19 19 0
1377 0 19 0
1378 0 3 0
1379 4 4 0
1380 5 8 0
1381 9 19 0
1383 0 19 0
1384 0 19 0
1402 0 3 0
1403 4 8 0
1404 9 19 0
1413 0 14 0
1414 15 15 0
1415 16 19 0
1420 0 19 0
1421 0 19 0
1422 0 17 0
1423 18 19 0
1433 0 19 0
1436 0 19 0
1437 0 19 0
1438 0 16 0
1439 17 18 0
1440 19 19 0
1451 0 0 0
1452 1 1 0
1453 2 5 0
1454 6 6 0
1455 7 19 0
1463 0 19 0
1464 0 19 0
1465 0 19 0
1481 0 14 0
1482 15 17 0
1483 18 19 0
1496 0 19 0
1500 0 19 0
1508 0 19 0
1534 0 19 0
1540 0 19 0
1542 0 19 0
1547 0 19 0
1558 0 19 0
1565 0 19 0
1566 0 19 0
1572 0 18 0
1573 19 19 0
1574 0 19 0
1575 0 3 0
1576 4 13 0
1577 14 19 0
1581 0 19 0
1584 0 19 0
1585 0 4 0
1586 5 5 0
1587 6 6 0
1588 7 7 0
1589 8 8 0
1590 9 16 0
1591 17 19 0
1594 0 19 0
1595 0 14 0
1596 15 18 0
1597 19 19 0
1604 0 19 0
1605 0 19 0
1606 0 5 0
1607 6 19 0
1614 0 19 0
1615 0 19 0
1616 0 0 0
1617 1 4 0
1618 5 5 0
1619 6 6 0
1620 7 8 0
1621 9 19 0
1625 0 19 0
1626 0 17 0
1627 18 19 0
1635 0 19 0
1652 0 19 0
1653 0 19 0
1654 0 19 0
1655 0 19 0
1674 0 19 0
1685 0 17 0
1686 18 19 0
1687 0 8 0
1688 9 9 0
1689 10 19 0
1690 0 0 0
1691 1 1 0
1692 2 2 0
1693 3 5 0
1694 6 7 0
1695 8 9 0
1696 10 11 0
1697 12 19 0
1700 0 19 0
1701 0 19 0
1710 0 19 0
1711 0 11 0
1712 12 13 0
1713 14 19 0
1714 0 6 0
1715 7 19 0
1716 0 1 0
1717 2 9 0
1718 10 16 0
1719 17 17 0
1720 18 19 0
1734 0 3 0
1735 4 4 0
1736 5 5 0
1737 6 6 0
1738 7 19 0
1752 0 19 0
1753 0 2 0
1754 3 3 0
1755 4 19 0
1764 0 19 0
1765 0 8 0
1766 9 9 0
1767 10 10 0
1768 11 19 0
1769 0 19 0
1770 0 19 0
1778 0 19 0
1779 0 19 0
1780 0 19 0
1787 0 19 0
1792 0 1 0
1793 2 18 0
1794 19 19 0
1805 0 19 0
1806 0 15 0
1807 16 19 0
1812 0 19 0
1813 0 19 0
1816 0 2 0
1817 3 3 0
1818 4 15 0
1819 16 16 0
1820 17 19 0
1821 0 19 0
1823 0 19 0
1824 0 19 0
1825 0 19 0
1828 0 19 0
1833 0 19 0
1839 0 9 0
1840 10 10 0
1841 11 11 0
1842 12 18 0
1843 19 19 0
1848 0 19 0
1849 0 9 0
1850 10 10 0
1851 11 13 0
1852 14 17 0
1853 18 18 0
1854 19 19 0
1856 0 16 0
1857 17 17 0
1858 18 19 0
1860 0 19 0
1861 0 19 0
1866 0 19 0
1867 0 13 0
1868 14 19 0
1871 0 19 0
1874 0 19 0
1876 0 19 0
1877 0 17 0
1878 18 19 0
1885 0 19 0
1886 0 0 0
1887 1 2 0
1888 3 3 0
1889 4 7 0
1890 8 9 0
1891 10 12 0
1892 13 15 0
1893 16 16 0
1894 17 19 0
1904 0 19 0
1914 0 19 0
1918 0 19 0
1919 0 19 0
1924 0 19 0
1925 0 19 0
1926 0 19 0
1953 0 19 0
1964 0 19 0
1965 0 3 0
1966 4 8 0
1967 9 9 0
1968 10 19 0
1972 0 19 0
1975 0 14 0
1976 15 15 0
1977 16 16 0
1978 17 17 0
1979 18 19 0
1987 0 19 0
1988 0 19 0
1989 0 19 0
1995 0 19 0
1996 0 19 0
1999 0 19 0
2000 0 19 0
2020 0 19 0
2021 0 8 0
2022 9 12 0
2023 13 19 0
2025 0 19 0
2028 0 19 0
2036 0 19 0
2048 0 19 0
2049 0 19 0
2056 0 19 0
2059 0 1 0
2060 2 2 0
2061 3 14 0
2062 15 19 0
2067 0 17 0
2068 18 19 0
2084 0 19 0
2089 0 19 0
2090 0 19 0
2094 0 19 0
2095 0 19 0
2096 0 19 0
2106 0 19 0
2107 0 19 0
2112 0 0 0
2113 1 1 0
2114 2 9 0
2115 10 10 0
2116 11 11 0
2117 12 12 0
2118 13 19 0
2119 0 19 0
2120 0 8 0
2121 9 11 0
2122 12 13 0
2123 14 16 0
2124 17 19 0
2131 0 19 0
2134 0 0 0
2135 1 19 0
2156 0 3 0
2157 4 4 0
2158 5 14 0
2159 15 17 0
2160 18 18 0
2161 19 19 0
2180 0 1 0
2181 2 2 0
2182 3 4 0
2183 5 7 0
2184 8 11 0
2185 12 12 0
2186 13 15 0
2187 16 19 0
2206 0 4 0
2207 5 5 0
2208 6 12 0
2209 13 19 0
2222 0 19 0
2223 0 9 0
2224 10 19 0
2226 0 19 0
