0 0 19 0
1 0 19 0
8 0 19 0
9 0 19 0
10 0 19 0
13 0 16 0
14 17 17 0
15 18 19 0
17 0 19 0
20 0 2 0
21 3 5 0
22 6 7 0
23 8 19 0
24 0 19 0
25 0 19 0
36 0 19 0
37 0 19 0
47 0 19 0
49 0 19 0
50 0 19 0
51 0 19 0
52 0 19 0
53 0 19 0
54 0 19 0
71 0 19 0
72 0 19 0
77 0 3 0
78 4 4 0
79 5 5 0
80 6 19 0
82 0 1 0
83 2 17 0
84 18 19 0
86 0 19 0
87 0 2 0
88 3 17 0
89 18 18 0
90 19 19 0
101 0 8 0
102 9 9 0
103 10 10 0
104 11 12 0
105 13 13 0
106 14 17 0
107 18 19 0
131 0 19 0
134 0 19 0
135 0 19 0
136 0 19 0
137 0 19 0
138 0 19 0
142 0 19 0
150 0 19 0
151 0 19 0
152 0 19 0
153 0 13 0
154 14 15 0
155 16 19 0
161 0 19 0
162 0 19 0
163 0 19 0
164 0 19 0
165 0 19 0
169 0 15 0
170 16 19 0
173 0 19 0
174 0 19 0
175 0 19 0
176 0 19 0
180 0 19 0
185 0 19 0
186 0 19 0
187 0 19 0
188 0 19 0
189 0 15 0
190 16 16 0
191 17 17 0
192 18 18 0
193 19 19 0
196 0 17 0
197 18 19 0
201 0 19 0
202 0 19 0
203 0 19 0
204 0 19 0
205 0 19 0
206 0 4 0
207 5 11 0
208 12 14 0
209 15 16 0
210 17 19 0
218 0 19 0
219 0 19 0
229 0 11 0
230 12 19 0
236 0 19 0
243 0 12 0
244 13 13 0
245 14 16 0
246 17 19 0
247 0 0 0
248 1 2 0
249 3 19 0
253 0 19 0
254 0 7 0
255 8 10 0
256 11 12 0
257 13 13 0
258 14 14 0
259 15 19 0
272 0 14 0
273 15 19 0
274 0 19 0
275 0 19 0
276 0 2 0
277 3 10 0
278 11 12 0
279 13 14 0
280 15 15 0
281 16 19 0
283 0 19 0
284 0 19 0
285 0 19 0
286 0 19 0
287 0 19 0
288 0 19 0
289 0 19 0
290 0 8 0
291 9 19 0
293 0 19 0
294 0 19 0
295 0 19 0
296 0 19 0
297 0 19 0
302 0 19 0
303 0 19 0
320 0 19 0
321 0 19 0
330 0 19 0
331 0 19 0
343 0 19 0
344 0 15 0
345 16 16 0
346 17 19 0
347 0 19 0
348 0 19 0
349 0 19 0
353 0 19 0
354 0 6 0
355 7 7 0
356 8 9 0
357 10 17 0
358 18 19 0
370 0 19 0
371 0 19 0
372 0 19 0
373 0 7 0
374 8 8 0
375 9 10 0
376 11 12 0
377 13 19 0
387 0 19 0
388 0 19 0
393 0 19 0
394 0 14 0
395 15 15 0
396 16 16 0
397 17 17 0
398 18 18 0
399 19 19 0
409 0 19 0
410 0 19 0
411 0 14 0
412 15 19 0
420 0 19 0
421 0 19 0
422 0 19 0
425 0 11 0
426 12 12 0
427 13 18 0
428 19 19 0
438 0 19 0
439 0 19 0
440 0 19 0
449 0 19 0
450 0 19 0
451 0 4 0
452 5 19 0
458 0 19 0
459 0 19 0
460 0 19 0
461 0 19 0
462 0 19 0
463 0 19 0
464 0 19 0
476 0 19 0
477 0 19 0
478 0 19 0
483 0 19 0
484 0 19 0
485 0 19 0
487 0 0 0
488 1 9 0
489 10 11 0
490 12 17 0
491 18 18 0
492 19 19 0
504 0 19 0
511 0 19 0
513 0 6 0
514 7 8 0
515 9 12 0
516 13 13 0
517 14 14 0
518 15 15 0
519 16 16 0
520 17 17 0
521 18 19 0
528 0 8 0
529 9 19 0
533 0 1 0
534 2 3 0
535 4 13 0
536 14 14 0
537 15 19 0
545 0 7 0
546 8 19 0
547 0 14 0
548 15 19 0
549 0 19 0
550 0 19 0
557 0 19 0
558 0 19 0
559 0 1 0
560 2 3 0
561 4 5 0
562 6 7 0
563 8 11 0
564 12 19 0
569 0 19 0
570 0 12 0
571 13 13 0
572 14 19 0
579 0 19 0
580 0 19 0
581 0 19 0
582 0 19 0
584 0 19 0
595 0 19 0
596 0 19 0
597 0 19 0
610 0 19 0
613 0 2 0
614 3 18 0
615 19 19 0
623 0 19 0
624 0 19 0
628 0 19 0
635 0 19 0
637 0 19 0
642 0 3 0
643 4 5 0
644 6 6 0
645 7 15 0
646 16 19 0
648 0 19 0
655 0 19 0
666 0 19 0
667 0 19 0
683 0 19 0
684 0 19 0
685 0 19 0
692 0 19 0
693 0 16 0
694 17 17 0
695 18 18 0
696 19 19 0
702 0 19 0
703 0 19 0
704 0 19 0
712 0 13 0
713 14 19 0
714 0 17 0
715 18 19 0
718 0 3 0
719 4 16 0
720 17 17 0
721 18 18 0
722 19 19 0
726 0 19 0
730 0 19 0
744 0 19 0
750 0 19 0
757 0 19 0
759 0 19 0
762 0 19 0
766 0 19 0
767 0 19 0
768 0 19 0
769 0 19 0
773 0 5 0
774 6 6 0
775 7 19 0
776 0 19 0
777 0 19 0
782 0 19 0
783 0 19 0
784 0 1 0
785 2 10 0
786 11 19 0
790 0 19 0
791 0 19 0
792 0 2 0
793 3 3 0
794 4 4 0
795 5 11 0
796 12 19 0
803 0 19 0
804 0 19 0
807 0 19 0
808 0 19 0
809 0 19 0
810 0 19 0
811 0 19 0
812 0 19 0
813 0 19 0
814 0 19 0
815 0 19 0
816 0 0 0
817 1 3 0
818 4 5 0
819 6 6 0
820 7 15 0
821 16 16 0
822 17 19 0
832 0 19 0
833 0 19 0
837 0 19 0
838 0 19 0
839 0 10 0
840 11 12 0
841 13 19 0
847 0 19 0
848 0 19 0
849 0 13 0
850 14 19 0
851 0 19 0
860 0 9 0
861 10 11 0
862 12 13 0
863 14 14 0
864 15 15 0
865 16 17 0
866 18 19 0
870 0 19 0
871 0 19 0
877 0 19 0
878 0 19 0
879 0 19 0
882 0 19 0
883 0 19 0
884 0 19 0
885 0 19 0
892 0 19 0
894 0 19 0
895 0 19 0
896 0 1 0
897 2 3 0
898 4 5 0
899 6 13 0
900 14 19 0
901 0 3 0
902 4 9 0
903 10 10 0
904 11 14 0
905 15 19 0
910 0 19 0
911 0 19 0
912 0 19 0
913 0 1 0
914 2 19 0
917 0 19 0
918 0 19 0
919 0 19 0
920 0 19 0
922 0 19 0
933 0 6 0
934 7 7 0
935 8 8 0
936 9 14 0
937 15 19 0
943 0 19 0
944 0 19 0
945 0 19 0
946 0 19 0
947 0 19 0
951 0 19 0
952 0 19 0
957 0 19 0
958 0 3 0
959 4 19 0
961 0 19 0
962 0 19 0
968 0 1 0
969 2 7 0
970 8 10 0
971 11 19 0
977 0 19 0
978 0 4 0
979 5 5 0
980 6 6 0
981 7 9 0
982 10 16 0
983 17 19 0
985 0 19 0
986 0 19 0
989 0 7 0
990 8 16 0
991 17 19 0
1003 0 19 0
1010 0 19 0
1011 0 19 0
1012 0 19 0
1029 0 19 0
1032 0 19 0
1033 0 19 0
1034 0 19 0
1046 0 0 0
1047 1 3 0
1048 4 4 0
1049 5 5 0
1050 6 11 0
1051 12 12 0
1052 13 18 0
1053 19 19 0
1059 0 19 0
1060 0 19 0
1061 0 19 0
1067 0 19 0
1080 0 0 0
1081 1 1 0
1082 2 2 0
1083 3 3 0
1084 4 19 0
1086 0 19 0
1090 0 19 0
1102 0 19 0
1103 0 19 0
1104 0 19 0
1105 0 19 0
1111 0 19 0
1112 0 19 0
1113 0 19 0
1114 0 19 0
1116 0 19 0
1117 0 6 0
1118 7 19 0
1120 0 19 0
1121 0 19 0
1122 0 9 0
1123 10 11 0
1124 12 12 0
1125 13 15 0
1126 16 17 0
1127 18 19 0
1129 0 19 0
1130 0 19 0
1141 0 19 0
1142 0 19 0
1143 0 11 0
1144 12 19 0
1151 0 19 0
1152 0 19 0
1153 0 0 0
1154 1 8 0
1155 9 11 0
1156 12 12 0
1157 13 16 0
1158 17 18 0
1159 19 19 0
1166 0 19 0
1167 0 19 0
1176 0 19 0
1182 0 19 0
1183 0 19 0
1184 0 19 0
1185 0 19 0
1205 0 19 0
1211 0 19 0
1215 0 17 0
1216 18 18 0
1217 19 19 0
1220 0 0 0
1221 1 2 0
1222 3 5 0
1223 6 11 0
1224 12 12 0
1225 13 13 0
1226 14 15 0
1227 16 19 0
1231 0 19 0
1232 0 19 0
1239 0 19 0
1240 0 19 0
1243 0 10 0
1244 11 11 0
1245 12 12 0
1246 13 19 0
1251 0 2 0
1252 3 18 0
1253 19 19 0
1260 0 7 0
1261 8 9 0
1262 10 11 0
1263 12 12 0
1264 13 19 0
1279 0 19 0
1280 0 5 0
1281 6 6 0
1282 7 19 0
1292 0 19 0
1293 0 17 0
1294 18 19 0
1297 0 19 0
1298 0 19 0
1299 0 19 0
1300 0 19 0
1301 0 19 0
1308 0 19 0
1315 0 3 0
1316 4 19 0
1325 0 19 0
1326 0 19 0
1330 0 19 0
1331 0 19 0
1333 0 5 0
1334 6 6 0
1335 7 19 0
1340 0 19 0
1342 0 19 0
1343 0 19 0
1344 0 19 0
1345 0 19 0
1350 0 19 0
1351 0 19 0
1360 0 19 0
1361 0 19 0
1368 0 19 0
1372 0 19 0
1373 0 19 0
1374 0 19 0
1375 0 19 0
1379 0 19 0
1380 0 19 0
1381 0 19 0
1382 0 19 0
1388 0 19 0
1389 0 1 0
1390 2 4 0
1391 5 6 0
1392 7 15 0
1393 16 19 0
1404 0 19 0
1407 0 19 0
1409 0 19 0
1410 0 19 0
1415 0 19 0
1416 0 19 0
1417 0 19 0
1429 0 19 0
1430 0 19 0
1431 0 6 0
1432 7 16 0
1433 17 18 0
1434 19 19 0
1435 0 19 0
1436 0 19 0
1447 0 19 0
1448 0 19 0
1449 0 19 0
1452 0 19 0
1453 0 19 0
1456 0 19 0
1457 0 19 0
1463 0 19 0
1464 0 16 0
1465 17 19 0
1468 0 19 0
1469 0 19 0
1478 0 19 0
1492 0 19 0
1493 0 19 0
1504 0 19 0
1505 0 3 0
1506 4 5 0
1507 6 19 0
1515 0 19 0
1540 0 19 0
1547 0 19 0
1548 0 19 0
1549 0 19 0
1550 0 19 0
1551 0 19 0
1562 0 19 0
1563 0 19 0
1564 0 1 0
1565 2 2 0
1566 3 12 0
1567 13 13 0
1568 14 19 0
1573 0 19 0
1574 0 16 0
1575 17 19 0
1587 0 19 0
1588 0 0 0
1589 1 19 0
1600 0 7 0
1601 8 8 0
1602 9 19 0
1615 0 3 0
1616 4 5 0
1617 6 9 0
1618 10 14 0
1619 15 16 0
1620 17 17 0
1621 18 18 0
1622 19 19 0
1646 0 9 0
1647 10 10 0
1648 11 19 0
1653 0 19 0
1654 0 19 0
1657 0 19 0
