0 0 45 0
1 46 46 0
2 47 99 0
3 0 48 0
4 49 53 0
5 54 59 0
6 60 63 0
7 64 99 0
8 0 99 0
9 0 94 0
10 95 99 0
11 0 51 0
12 52 52 0
13 53 53 0
14 54 68 0
15 69 99 0
16 0 4 0
17 5 5 0
18 6 13 0
19 14 14 0
20 15 15 0
21 16 99 0
22 0 99 0
23 0 0 0
24 1 4 0
25 5 6 0
26 7 99 0
27 0 99 0
28 0 54 0
29 55 70 0
30 71 71 0
31 72 74 0
32 75 75 0
33 76 76 0
34 77 77 0
35 78 79 0
36 80 87 0
37 88 88 0
38 89 97 0
39 98 99 0
40 0 99 0
41 0 43 0
42 44 49 0
43 50 50 0
44 51 52 0
45 53 63 0
46 64 64 0
47 65 65 0
48 66 67 0
49 68 72 0
50 73 77 0
51 78 78 0
52 79 80 0
53 81 99 0
54 0 17 0
55 18 99 0
56 0 99 0
57 0 99 0
58 0 99 0
59 0 99 0
60 0 99 0
61 0 24 0
62 25 36 0
63 37 37 0
64 38 38 0
65 39 42 0
66 43 44 0
67 45 45 0
68 46 60 0
69 61 62 0
70 63 63 0
71 64 74 0
72 75 76 0
73 77 78 0
74 79 98 0
75 99 99 0
76 0 99 0
77 0 49 0
78 50 51 0
79 52 52 0
80 53 61 0
81 62 86 0
82 87 92 0
83 93 94 0
84 95 99 0
85 0 2 0
86 3 3 0
87 4 4 0
88 5 24 0
89 25 34 0
90 35 35 0
91 36 99 0
92 0 1 0
93 2 13 0
94 14 31 0
95 32 99 0
96 0 99 0
97 0 1 0
98 2 5 0
99 6 6 0
100 7 13 0
101 14 14 0
102 15 15 0
103 16 50 0
104 51 52 0
105 53 54 0
106 55 55 0
107 56 65 0
108 66 69 0
109 70 72 0
110 73 99 0
111 0 7 0
112 8 8 0
113 9 9 0
114 10 10 0
115 11 13 0
116 14 20 0
117 21 21 0
118 22 25 0
119 26 26 0
120 27 28 0
121 29 29 0
122 30 33 0
123 34 35 0
124 36 36 0
125 37 37 0
126 38 41 0
127 42 43 0
128 44 44 0
129 45 45 0
130 46 46 0
131 47 47 0
132 48 49 0
133 50 52 0
134 53 53 0
135 54 57 0
136 58 59 0
137 60 68 0
138 69 71 0
139 72 73 0
140 74 75 0
141 76 99 0
142 0 44 0
143 45 45 0
144 46 99 0
145 0 99 0
146 0 99 0
147 0 99 0
148 0 99 0
149 0 54 0
150 55 55 0
151 56 73 0
152 74 83 0
153 84 99 0
154 0 55 0
155 56 59 0
156 60 61 0
157 62 62 0
158 63 65 0
159 66 73 0
160 74 74 0
161 75 79 0
162 80 80 0
163 81 82 0
164 83 83 0
165 84 85 0
166 86 86 0
167 87 99 0
168 0 99 0
169 0 99 0
170 0 99 0
171 0 10 0
172 11 12 0
173 13 28 0
174 29 47 0
175 48 51 0
176 52 52 0
177 53 60 0
178 61 99 0
179 0 99 0
180 0 99 0
181 0 99 0
182 0 99 0
183 0 55 0
184 56 99 0
185 0 12 0
186 13 16 0
187 17 17 0
188 18 99 0
189 0 99 0
190 0 99 0
191 0 99 0
192 0 41 0
193 42 52 0
194 53 54 0
195 55 55 0
196 56 56 0
197 57 99 0
198 0 53 0
199 54 56 0
200 57 58 0
201 59 63 0
202 64 88 0
203 89 99 0
204 0 99 0
205 0 86 0
206 87 87 0
207 88 89 0
208 90 91 0
209 92 99 0
210 0 99 0
211 0 99 0
212 0 12 0
213 13 14 0
214 15 20 0
215 21 52 0
216 53 99 0
217 0 12 0
218 13 13 0
219 14 14 0
220 15 18 0
221 19 46 0
222 47 52 0
223 53 54 0
224 55 56 0
225 57 99 0
226 0 99 0
227 0 99 0
228 0 99 0
229 0 99 0
230 0 99 0
231 0 3 0
232 4 8 0
233 9 11 0
234 12 12 0
235 13 30 0
236 31 34 0
237 35 37 0
238 38 38 0
239 39 46 0
240 47 84 0
241 85 99 0
242 0 80 0
243 81 87 0
244 88 99 0
245 0 67 0
246 68 69 0
247 70 70 0
248 71 72 0
249 73 73 0
250 74 75 0
251 76 77 0
252 78 80 0
253 81 83 0
254 84 88 0
255 89 91 0
256 92 94 0
257 95 95 0
258 96 99 0
259 0 9 0
260 10 23 0
261 24 25 0
262 26 26 0
263 27 29 0
264 30 45 0
265 46 99 0
266 0 20 0
267 21 21 0
268 22 64 0
269 65 65 0
270 66 74 0
271 75 75 0
272 76 80 0
273 81 81 0
274 82 82 0
275 83 83 0
276 84 92 0
277 93 99 0
278 0 13 0
279 14 99 0
280 0 0 0
281 1 2 0
282 3 37 0
283 38 40 0
284 41 41 0
285 42 99 0
286 0 99 0
287 0 7 0
288 8 8 0
289 9 9 0
290 10 10 0
291 11 11 0
292 12 25 0
293 26 28 0
294 29 36 0
295 37 37 0
296 38 38 0
297 39 47 0
298 48 54 0
299 55 55 0
300 56 70 0
301 71 72 0
302 73 73 0
303 74 78 0
304 79 80 0
305 81 83 0
306 84 89 0
307 90 99 0
308 0 11 0
309 12 12 0
310 13 13 0
311 14 95 0
312 96 96 0
313 97 97 0
314 98 99 0
315 0 99 0
316 0 99 0
317 0 2 0
318 3 6 0
319 7 7 0
320 8 8 0
321 9 9 0
322 10 11 0
323 12 12 0
324 13 59 0
325 60 88 0
326 89 90 0
327 91 91 0
328 92 99 0
329 0 99 0
330 0 99 0
331 0 99 0
332 0 99 0
333 0 99 0
334 0 99 0
335 0 99 0
336 0 7 0
337 8 41 0
338 42 99 0
339 0 99 0
340 0 99 0
341 0 99 0
342 0 99 0
343 0 49 0
344 50 50 0
345 51 88 0
346 89 99 0
347 0 99 0
348 0 23 0
349 24 26 0
350 27 27 0
351 28 29 0
352 30 31 0
353 32 44 0
354 45 46 0
355 47 58 0
356 59 61 0
357 62 68 0
358 69 69 0
359 70 71 0
360 72 72 0
361 73 73 0
362 74 74 0
363 75 77 0
364 78 81 0
365 82 82 0
366 83 83 0
367 84 99 0
368 0 99 0
369 0 68 0
370 69 70 0
371 71 74 0
372 75 75 0
373 76 85 0
374 86 87 0
375 88 99 0
376 0 99 0
377 0 33 0
378 34 35 0
379 36 38 0
380 39 44 0
381 45 47 0
382 48 58 0
383 59 61 0
384 62 62 0
385 63 63 0
386 64 99 0
387 0 95 0
388 96 99 0
389 0 12 0
390 13 13 0
391 14 99 0
392 0 99 0
393 0 99 0
394 0 71 0
395 72 75 0
396 76 76 0
397 77 77 0
398 78 79 0
399 80 82 0
400 83 99 0
401 0 99 0
402 0 7 0
403 8 13 0
404 14 22 0
405 23 23 0
406 24 24 0
407 25 28 0
408 29 32 0
409 33 44 0
410 45 45 0
411 46 46 0
412 47 57 0
413 58 58 0
414 59 59 0
415 60 99 0
416 0 99 0
417 0 99 0
418 0 99 0
419 0 8 0
420 9 10 0
421 11 16 0
422 17 17 0
423 18 22 0
424 23 24 0
425 25 26 0
426 27 27 0
427 28 28 0
428 29 32 0
429 33 38 0
430 39 91 0
431 92 92 0
432 93 95 0
433 96 99 0
434 0 99 0
435 0 62 0
436 63 63 0
437 64 73 0
438 74 74 0
439 75 97 0
440 98 98 0
441 99 99 0
442 0 99 0
443 0 11 0
444 12 14 0
445 15 15 0
446 16 16 0
447 17 19 0
448 20 21 0
449 22 27 0
450 28 29 0
451 30 35 0
452 36 36 0
453 37 99 0
454 0 99 0
455 0 99 0
456 0 11 0
457 12 17 0
458 18 18 0
459 19 23 0
460 24 28 0
461 29 32 0
462 33 71 0
463 72 72 0
464 73 73 0
465 74 78 0
466 79 80 0
467 81 82 0
468 83 89 0
469 90 90 0
470 91 99 0
471 0 98 0
472 99 99 0
473 0 99 0
474 0 99 0
475 0 9 0
476 10 10 0
477 11 15 0
478 16 35 0
479 36 36 0
480 37 37 0
481 38 41 0
482 42 45 0
483 46 54 0
484 55 55 0
485 56 56 0
486 57 58 0
487 59 59 0
488 60 61 0
489 62 81 0
490 82 87 0
491 88 99 0
492 0 99 0
493 0 89 0
494 90 92 0
495 93 99 0
496 0 46 0
497 47 54 0
498 55 60 0
499 61 62 0
500 63 65 0
501 66 80 0
502 81 86 0
503 87 88 0
504 89 93 0
505 94 99 0
506 0 99 0
507 0 99 0
508 0 3 0
509 4 38 0
510 39 39 0
511 40 68 0
512 69 78 0
513 79 79 0
514 80 84 0
515 85 85 0
516 86 99 0
517 0 81 0
518 82 88 0
519 89 92 0
520 93 94 0
521 95 98 0
522 99 99 0
523 0 99 0
524 0 99 0
525 0 95 0
526 96 96 0
527 97 97 0
528 98 98 0
529 99 99 0
530 0 99 0
531 0 99 0
532 0 32 0
533 33 33 0
534 34 39 0
535 40 44 0
536 45 46 0
537 47 49 0
538 50 65 0
539 66 79 0
540 80 82 0
541 83 99 0
542 0 99 0
543 0 99 0
544 0 43 0
545 44 44 0
546 45 47 0
547 48 57 0
548 58 90 0
549 91 97 0
550 98 98 0
551 99 99 0
552 0 99 0
553 0 99 0
554 0 61 0
555 62 99 0
556 0 0 0
557 1 7 0
558 8 10 0
559 11 13 0
560 14 20 0
561 21 22 0
562 23 23 0
563 24 32 0
564 33 35 0
565 36 37 0
566 38 40 0
567 41 42 0
568 43 99 0
569 0 59 0
570 60 60 0
571 61 61 0
572 62 63 0
573 64 74 0
574 75 75 0
575 76 94 0
576 95 99 0
577 0 26 0
578 27 99 0
579 0 5 0
580 6 6 0
581 7 11 0
582 12 13 0
583 14 35 0
584 36 36 0
585 37 99 0
586 0 6 0
587 7 53 0
588 54 99 0
589 0 0 0
590 1 1 0
591 2 18 0
592 19 19 0
593 20 20 0
594 21 23 0
595 24 25 0
596 26 82 0
597 83 83 0
598 84 99 0
599 0 6 0
600 7 99 0
601 0 11 0
602 12 99 0
603 0 99 0
604 0 66 0
605 67 71 0
606 72 72 0
607 73 73 0
608 74 75 0
609 76 76 0
610 77 86 0
611 87 96 0
612 97 97 0
613 98 98 0
614 99 99 0
615 0 99 0
616 0 99 0
617 0 0 0
618 1 2 0
619 3 4 0
620 5 5 0
621 6 8 0
622 9 26 0
623 27 35 0
624 36 40 0
625 41 41 0
626 42 46 0
627 47 47 0
628 48 99 0
629 0 99 0
630 0 54 0
631 55 66 0
632 67 67 0
633 68 68 0
634 69 77 0
635 78 78 0
636 79 79 0
637 80 80 0
638 81 82 0
639 83 84 0
640 85 85 0
641 86 95 0
642 96 99 0
643 0 99 0
644 0 99 0
645 0 99 0
646 0 18 0
647 19 99 0
648 0 41 0
649 42 60 0
650 61 61 0
651 62 63 0
652 64 64 0
653 65 65 0
654 66 67 0
655 68 69 0
656 70 99 0
657 0 46 0
658 47 47 0
659 48 99 0
660 0 99 0
661 0 37 0
662 38 38 0
663 39 40 0
664 41 56 0
665 57 66 0
666 67 73 0
667 74 78 0
668 79 99 0
669 0 47 0
670 48 48 0
671 49 87 0
672 88 99 0
673 0 2 0
674 3 14 0
675 15 15 0
676 16 29 0
677 30 30 0
678 31 33 0
679 34 34 0
680 35 40 0
681 41 42 0
682 43 99 0
683 0 99 0
684 0 66 0
685 67 77 0
686 78 99 0
687 0 20 0
688 21 21 0
689 22 26 0
690 27 48 0
691 49 49 0
692 50 71 0
693 72 99 0
694 0 62 0
695 63 81 0
696 82 82 0
697 83 85 0
698 86 90 0
699 91 91 0
700 92 92 0
701 93 93 0
702 94 95 0
703 96 99 0
704 0 29 0
705 30 31 0
706 32 48 0
707 49 49 0
708 50 89 0
709 90 91 0
710 92 99 0
711 0 3 0
712 4 4 0
713 5 5 0
714 6 12 0
715 13 17 0
716 18 99 0
717 0 16 0
718 17 17 0
719 18 35 0
720 36 37 0
721 38 40 0
722 41 42 0
723 43 43 0
724 44 49 0
725 50 53 0
726 54 54 0
727 55 74 0
728 75 75 0
729 76 90 0
730 91 99 0
731 0 16 0
732 17 19 0
733 20 44 0
734 45 45 0
735 46 72 0
736 73 74 0
737 75 76 0
738 77 78 0
739 79 99 0
740 0 99 0
741 0 21 0
742 22 22 0
743 23 26 0
744 27 35 0
745 36 47 0
746 48 52 0
747 53 59 0
748 60 64 0
749 65 65 0
750 66 70 0
751 71 71 0
752 72 73 0
753 74 75 0
754 76 76 0
755 77 78 0
756 79 79 0
757 80 80 0
758 81 81 0
759 82 82 0
760 83 83 0
761 84 84 0
762 85 85 0
763 86 86 0
764 87 87 0
765 88 88 0
766 89 90 0
767 91 93 0
768 94 94 0
769 95 99 0
770 0 61 0
771 62 62 0
772 63 99 0
773 0 90 0
774 91 99 0
775 0 59 0
776 60 62 0
777 63 63 0
778 64 64 0
779 65 74 0
780 75 77 0
781 78 79 0
782 80 81 0
783 82 83 0
784 84 99 0
785 0 14 0
786 15 15 0
787 16 99 0
788 0 14 0
789 15 44 0
790 45 45 0
791 46 47 0
792 48 49 0
793 50 51 0
794 52 57 0
795 58 77 0
796 78 99 0
797 0 99 0
798 0 99 0
799 0 41 0
800 42 42 0
801 43 50 0
802 51 62 0
803 63 70 0
804 71 71 0
805 72 72 0
806 73 80 0
807 81 91 0
808 92 92 0
809 93 99 0
810 0 10 0
811 11 95 0
812 96 99 0
813 0 10 0
814 11 11 0
815 12 14 0
816 15 16 0
817 17 46 0
818 47 99 0
819 0 0 0
820 1 1 0
821 2 2 0
822 3 12 0
823 13 13 0
824 14 14 0
825 15 15 0
826 16 99 0
827 0 46 0
828 47 47 0
829 48 48 0
830 49 91 0
831 92 95 0
832 96 96 0
833 97 99 0
834 0 33 0
835 34 37 0
836 38 40 0
837 41 45 0
838 46 46 0
839 47 47 0
840 48 48 0
841 49 70 0
842 71 71 0
843 72 76 0
844 77 78 0
845 79 83 0
846 84 86 0
847 87 87 0
848 88 88 0
849 89 89 0
850 90 99 0
851 0 33 0
852 34 44 0
853 45 51 0
854 52 74 0
855 75 75 0
856 76 79 0
857 80 98 0
858 99 99 0
859 0 28 0
860 29 31 0
861 32 32 0
862 33 37 0
863 38 40 0
864 41 44 0
865 45 87 0
866 88 88 0
867 89 98 0
868 99 99 0
869 0 58 0
870 59 99 0
871 0 61 0
872 62 63 0
873 64 99 0
874 0 19 0
875 20 23 0
876 24 47 0
877 48 94 0
878 95 95 0
879 96 99 0
880 0 99 0
881 0 99 0
882 0 99 0
883 0 74 0
884 75 76 0
885 77 77 0
886 78 81 0
887 82 87 0
888 88 89 0
889 90 91 0
890 92 97 0
891 98 99 0
892 0 99 0
893 0 99 0
894 0 42 0
895 43 47 0
896 48 49 0
897 50 50 0
898 51 51 0
899 52 52 0
900 53 99 0
901 0 99 0
902 0 99 0
903 0 1 0
904 2 8 0
905 9 48 0
906 49 49 0
907 50 51 0
908 52 99 0
909 0 99 0
910 0 99 0
911 0 1 0
912 2 2 0
913 3 3 0
914 4 10 0
915 11 25 0
916 26 27 0
917 28 28 0
918 29 39 0
919 40 52 0
920 53 53 0
921 54 80 0
922 81 83 0
923 84 89 0
924 90 90 0
925 91 91 0
926 92 97 0
927 98 99 0
928 0 91 0
929 92 99 0
930 0 66 0
931 67 67 0
932 68 99 0
933 0 99 0
934 0 99 0
935 0 99 0
936 0 99 0
937 0 99 0
938 0 99 0
939 0 99 0
940 0 99 0
941 0 99 0
942 0 0 0
943 1 2 0
944 3 4 0
945 5 5 0
946 6 12 0
947 13 13 0
948 14 17 0
949 18 18 0
950 19 21 0
951 22 26 0
952 27 28 0
953 29 43 0
954 44 44 0
955 45 45 0
956 46 76 0
957 77 77 0
958 78 78 0
959 79 80 0
960 81 81 0
961 82 82 0
962 83 86 0
963 87 99 0
964 0 99 0
965 0 34 0
966 35 37 0
967 38 40 0
968 41 99 0
969 0 99 0
970 0 99 0
971 0 8 0
972 9 9 0
973 10 17 0
974 18 22 0
975 23 30 0
976 31 79 0
977 80 92 0
978 93 93 0
979 94 96 0
980 97 98 0
981 99 99 0
982 0 99 0
983 0 99 0
984 0 11 0
985 12 80 0
986 81 93 0
987 94 94 0
988 95 96 0
989 97 99 0
990 0 19 0
991 20 21 0
992 22 35 0
993 36 36 0
994 37 39 0
995 40 59 0
996 60 60 0
997 61 66 0
998 67 81 0
999 82 82 0
1000 83 99 0
1001 0 7 0
1002 8 8 0
1003 9 10 0
1004 11 11 0
1005 12 12 0
1006 13 16 0
1007 17 78 0
1008 79 95 0
1009 96 99 0
1010 0 82 0
1011 83 99 0
1012 0 18 0
1013 19 19 0
1014 20 24 0
1015 25 25 0
1016 26 38 0
1017 39 86 0
1018 87 96 0
1019 97 97 0
1020 98 98 0
1021 99 99 0
1022 0 99 0
1023 0 99 0
1024 0 57 0
1025 58 72 0
1026 73 85 0
1027 86 86 0
1028 87 87 0
1029 88 91 0
1030 92 96 0
1031 97 99 0
1032 0 99 0
1033 0 99 0
1034 0 94 0
1035 95 98 0
1036 99 99 0
1037 0 67 0
1038 68 68 0
1039 69 69 0
1040 70 70 0
1041 71 73 0
1042 74 74 0
1043 75 76 0
1044 77 78 0
1045 79 83 0
1046 84 90 0
1047 91 92 0
1048 93 97 0
1049 98 99 0
1050 0 63 0
1051 64 93 0
1052 94 99 0
1053 0 99 0
1054 0 99 0
1055 0 4 0
1056 5 10 0
1057 11 99 0
1058 0 2 0
1059 3 7 0
1060 8 8 0
1061 9 9 0
1062 10 10 0
1063 11 11 0
1064 12 43 0
1065 44 45 0
1066 46 49 0
1067 50 50 0
1068 51 99 0
1069 0 84 0
1070 85 85 0
1071 86 87 0
1072 88 88 0
1073 89 99 0
1074 0 99 0
1075 0 99 0
1076 0 1 0
1077 2 20 0
1078 21 22 0
1079 23 99 0
1080 0 62 0
1081 63 63 0
1082 64 99 0
1083 0 82 0
1084 83 83 0
1085 84 86 0
1086 87 89 0
1087 90 99 0
1088 0 99 0
1089 0 69 0
1090 70 99 0
1091 0 53 0
1092 54 54 0
1093 55 56 0
1094 57 59 0
1095 60 72 0
1096 73 75 0
1097 76 77 0
1098 78 78 0
1099 79 79 0
1100 80 80 0
1101 81 83 0
1102 84 86 0
1103 87 87 0
1104 88 99 0
1105 0 4 0
1106 5 5 0
1107 6 6 0
1108 7 11 0
1109 12 68 0
1110 69 69 0
1111 70 76 0
1112 77 99 0
1113 0 99 0
1114 0 99 0
1115 0 99 0
1116 0 99 0
1117 0 45 0
1118 46 46 0
1119 47 47 0
1120 48 99 0
1121 0 99 0
1122 0 32 0
1123 33 57 0
1124 58 59 0
1125 60 67 0
1126 68 99 0
1127 0 99 0
1128 0 2 0
1129 3 16 0
1130 17 99 0
1131 0 99 0
1132 0 68 0
1133 69 70 0
1134 71 75 0
1135 76 76 0
1136 77 77 0
1137 78 99 0
1138 0 0 0
1139 1 6 0
1140 7 8 0
1141 9 19 0
1142 20 24 0
1143 25 26 0
1144 27 30 0
1145 31 32 0
1146 33 99 0
1147 0 99 0
1148 0 3 0
1149 4 4 0
1150 5 5 0
1151 6 7 0
1152 8 13 0
1153 14 36 0
1154 37 99 0
1155 0 99 0
1156 0 81 0
1157 82 82 0
1158 83 83 0
1159 84 85 0
1160 86 86 0
1161 87 87 0
1162 88 89 0
1163 90 90 0
1164 91 91 0
1165 92 99 0
1166 0 5 0
1167 6 12 0
1168 13 34 0
1169 35 35 0
1170 36 38 0
1171 39 49 0
1172 50 51 0
1173 52 52 0
1174 53 53 0
1175 54 54 0
1176 55 57 0
1177 58 60 0
1178 61 61 0
1179 62 62 0
1180 63 64 0
1181 65 65 0
1182 66 68 0
1183 69 99 0
1184 0 21 0
1185 22 24 0
1186 25 33 0
1187 34 49 0
1188 50 55 0
1189 56 57 0
1190 58 99 0
1191 0 99 0
1192 0 99 0
1193 0 28 0
1194 29 30 0
1195 31 39 0
1196 40 42 0
1197 43 52 0
1198 53 53 0
1199 54 60 0
1200 61 61 0
1201 62 62 0
1202 63 63 0
1203 64 65 0
1204 66 66 0
1205 67 67 0
1206 68 70 0
1207 71 99 0
1208 0 77 0
1209 78 81 0
1210 82 99 0
1211 0 99 0
1212 0 99 0
1213 0 24 0
1214 25 27 0
1215 28 30 0
1216 31 31 0
1217 32 35 0
1218 36 99 0
1219 0 1 0
1220 2 2 0
1221 3 3 0
1222 4 4 0
1223 5 9 0
1224 10 10 0
1225 11 31 0
1226 32 32 0
1227 33 34 0
1228 35 36 0
1229 37 99 0
1230 0 99 0
1231 0 99 0
1232 0 46 0
1233 47 60 0
1234 61 62 0
1235 63 63 0
1236 64 65 0
1237 66 99 0
1238 0 22 0
1239 23 27 0
1240 28 30 0
1241 31 34 0
1242 35 38 0
1243 39 39 0
1244 40 40 0
1245 41 41 0
1246 42 42 0
1247 43 48 0
1248 49 82 0
1249 83 93 0
1250 94 99 0
1251 0 1 0
1252 2 2 0
1253 3 42 0
1254 43 99 0
1255 0 73 0
1256 74 76 0
1257 77 77 0
1258 78 81 0
1259 82 99 0
1260 0 31 0
1261 32 32 0
1262 33 33 0
1263 34 34 0
1264 35 35 0
1265 36 59 0
1266 60 75 0
1267 76 76 0
1268 77 77 0
1269 78 80 0
1270 81 81 0
1271 82 83 0
1272 84 86 0
1273 87 88 0
1274 89 89 0
1275 90 92 0
1276 93 94 0
1277 95 99 0
1278 0 99 0
1279 0 99 0
1280 0 86 0
1281 87 99 0
1282 0 52 0
1283 53 54 0
1284 55 62 0
1285 63 99 0
1286 0 99 0
1287 0 99 0
1288 0 95 0
1289 96 99 0
1290 0 29 0
1291 30 99 0
1292 0 99 0
1293 0 4 0
1294 5 21 0
1295 22 99 0
1296 0 99 0
1297 0 99 0
1298 0 7 0
1299 8 8 0
1300 9 10 0
1301 11 12 0
1302 13 13 0
1303 14 25 0
1304 26 99 0
1305 0 99 0
1306 0 17 0
1307 18 18 0
1308 19 22 0
1309 23 30 0
1310 31 40 0
1311 41 45 0
1312 46 99 0
1313 0 99 0
1314 0 99 0
1315 0 9 0
1316 10 19 0
1317 20 23 0
1318 24 60 0
1319 61 61 0
1320 62 62 0
1321 63 63 0
1322 64 64 0
1323 65 65 0
1324 66 89 0
1325 90 90 0
1326 91 94 0
1327 95 97 0
1328 98 98 0
1329 99 99 0
1330 0 9 0
1331 10 10 0
1332 11 99 0
1333 0 99 0
1334 0 0 0
1335 1 4 0
1336 5 6 0
1337 7 7 0
1338 8 10 0
1339 11 11 0
1340 12 13 0
1341 14 14 0
1342 15 15 0
1343 16 63 0
1344 64 64 0
1345 65 78 0
1346 79 99 0
1347 0 99 0
1348 0 30 0
1349 31 31 0
1350 32 91 0
1351 92 94 0
1352 95 95 0
1353 96 96 0
1354 97 97 0
1355 98 99 0
1356 0 55 0
1357 56 60 0
1358 61 61 0
1359 62 63 0
1360 64 68 0
1361 69 84 0
1362 85 92 0
1363 93 94 0
1364 95 99 0
1365 0 99 0
1366 0 99 0
1367 0 99 0
1368 0 30 0
1369 31 32 0
1370 33 44 0
1371 45 45 0
1372 46 46 0
1373 47 47 0
1374 48 51 0
1375 52 57 0
1376 58 60 0
1377 61 62 0
1378 63 63 0
1379 64 69 0
1380 70 70 0
1381 71 82 0
1382 83 99 0
1383 0 59 0
1384 60 71 0
1385 72 79 0
1386 80 87 0
1387 88 89 0
1388 90 99 0
1389 0 27 0
1390 28 99 0
1391 0 17 0
1392 18 18 0
1393 19 99 0
1394 0 0 0
1395 1 1 0
1396 2 4 0
1397 5 10 0
1398 11 12 0
1399 13 15 0
1400 16 18 0
1401 19 40 0
1402 41 99 0
1403 0 99 0
1404 0 59 0
1405 60 60 0
1406 61 74 0
1407 75 75 0
1408 76 81 0
1409 82 84 0
1410 85 99 0
1411 0 99 0
1412 0 19 0
1413 20 22 0
1414 23 99 0
1415 0 8 0
1416 9 25 0
1417 26 26 0
1418 27 28 0
1419 29 29 0
1420 30 99 0
1421 0 2 0
1422 3 14 0
1423 15 48 0
1424 49 67 0
1425 68 82 0
1426 83 83 0
1427 84 99 0
1428 0 0 0
1429 1 1 0
1430 2 6 0
1431 7 7 0
1432 8 33 0
1433 34 34 0
1434 35 35 0
1435 36 36 0
1436 37 44 0
1437 45 47 0
1438 48 49 0
1439 50 61 0
1440 62 67 0
1441 68 70 0
1442 71 99 0
1443 0 99 0
1444 0 62 0
1445 63 67 0
1446 68 69 0
1447 70 72 0
1448 73 73 0
1449 74 75 0
1450 76 76 0
1451 77 99 0
1452 0 99 0
1453 0 17 0
1454 18 99 0
1455 0 99 0
1456 0 99 0
1457 0 99 0
1458 0 99 0
1459 0 39 0
1460 40 45 0
1461 46 48 0
1462 49 50 0
1463 51 99 0
1464 0 36 0
1465 37 37 0
1466 38 50 0
1467 51 51 0
1468 52 54 0
1469 55 55 0
1470 56 99 0
1471 0 2 0
1472 3 28 0
1473 29 30 0
1474 31 56 0
1475 57 57 0
1476 58 63 0
1477 64 65 0
1478 66 66 0
1479 67 67 0
1480 68 68 0
1481 69 69 0
1482 70 70 0
1483 71 71 0
1484 72 85 0
1485 86 87 0
1486 88 88 0
1487 89 91 0
1488 92 92 0
1489 93 99 0
1490 0 99 0
1491 0 18 0
1492 19 20 0
1493 21 25 0
1494 26 84 0
1495 85 89 0
1496 90 99 0
1497 0 99 0
1498 0 71 0
1499 72 99 0
1500 0 4 0
1501 5 5 0
1502 6 24 0
1503 25 25 0
1504 26 99 0
1505 0 76 0
1506 77 99 0
1507 0 99 0
1508 0 99 0
1509 0 99 0
1510 0 60 0
1511 61 63 0
1512 64 71 0
1513 72 81 0
1514 82 99 0
1515 0 94 0
1516 95 99 0
1517 0 15 0
1518 16 16 0
1519 17 17 0
1520 18 22 0
1521 23 23 0
1522 24 29 0
1523 30 32 0
1524 33 33 0
1525 34 99 0
1526 0 99 0
1527 0 15 0
1528 16 17 0
1529 18 21 0
1530 22 28 0
1531 29 30 0
1532 31 34 0
1533 35 99 0
1534 0 26 0
1535 27 27 0
1536 28 32 0
1537 33 99 0
1538 0 99 0
1539 0 99 0
1540 0 99 0
1541 0 22 0
1542 23 32 0
1543 33 38 0
1544 39 99 0
1545 0 99 0
1546 0 99 0
1547 0 99 0
1548 0 28 0
1549 29 41 0
1550 42 46 0
1551 47 90 0
1552 91 99 0
1553 0 99 0
1554 0 0 0
1555 1 3 0
1556 4 5 0
1557 6 12 0
1558 13 15 0
1559 16 20 0
1560 21 24 0
1561 25 26 0
1562 27 71 0
1563 72 72 0
1564 73 73 0
1565 74 76 0
1566 77 79 0
1567 80 80 0
1568 81 89 0
1569 90 90 0
1570 91 93 0
1571 94 99 0
1572 0 58 0
1573 59 66 0
1574 67 92 0
1575 93 93 0
1576 94 95 0
1577 96 97 0
1578 98 99 0
1579 0 58 0
1580 59 87 0
1581 88 89 0
1582 90 99 0
1583 0 99 0
1584 0 56 0
1585 57 57 0
1586 58 58 0
1587 59 59 0
1588 60 99 0
1589 0 99 0
1590 0 99 0
1591 0 34 0
1592 35 36 0
1593 37 40 0
1594 41 62 0
1595 63 65 0
1596 66 76 0
1597 77 77 0
1598 78 80 0
1599 81 82 0
1600 83 85 0
1601 86 86 0
1602 87 95 0
1603 96 96 0
1604 97 97 0
1605 98 98 0
1606 99 99 0
1607 0 99 0
1608 0 99 0
1609 0 5 0
1610 6 13 0
1611 14 15 0
1612 16 99 0
1613 0 99 0
1614 0 18 0
1615 19 19 0
1616 20 23 0
1617 24 24 0
1618 25 25 0
1619 26 28 0
1620 29 39 0
1621 40 51 0
1622 52 58 0
1623 59 61 0
1624 62 86 0
1625 87 95 0
1626 96 96 0
1627 97 99 0
1628 0 99 0
1629 0 99 0
1630 0 64 0
1631 65 66 0
1632 67 94 0
1633 95 95 0
1634 96 99 0
1635 0 99 0
1636 0 49 0
1637 50 53 0
1638 54 54 0
1639 55 55 0
1640 56 99 0
1641 0 99 0
1642 0 31 0
1643 32 32 0
1644 33 35 0
1645 36 39 0
1646 40 40 0
1647 41 41 0
1648 42 43 0
1649 44 76 0
1650 77 77 0
1651 78 93 0
1652 94 94 0
1653 95 99 0
1654 0 99 0
1655 0 13 0
1656 14 20 0
1657 21 40 0
1658 41 99 0
1659 0 99 0
1660 0 44 0
1661 45 45 0
1662 46 46 0
1663 47 48 0
1664 49 49 0
1665 50 50 0
1666 51 52 0
1667 53 54 0
1668 55 60 0
1669 61 77 0
1670 78 95 0
1671 96 99 0
1672 0 39 0
1673 40 43 0
1674 44 44 0
1675 45 45 0
1676 46 46 0
1677 47 51 0
1678 52 56 0
1679 57 67 0
1680 68 73 0
1681 74 99 0
1682 0 99 0
1683 0 36 0
1684 37 39 0
1685 40 40 0
1686 41 41 0
1687 42 42 0
1688 43 44 0
1689 45 45 0
1690 46 48 0
1691 49 99 0
1692 0 99 0
1693 0 3 0
1694 4 4 0
1695 5 23 0
1696 24 61 0
1697 62 70 0
1698 71 71 0
1699 72 72 0
1700 73 99 0
1701 0 19 0
1702 20 20 0
1703 21 25 0
1704 26 26 0
1705 27 27 0
1706 28 31 0
1707 32 32 0
1708 33 38 0
1709 39 40 0
1710 41 41 0
1711 42 43 0
1712 44 48 0
1713 49 54 0
1714 55 55 0
1715 56 56 0
1716 57 57 0
1717 58 61 0
1718 62 63 0
1719 64 64 0
1720 65 70 0
1721 71 79 0
1722 80 80 0
1723 81 99 0
1724 0 31 0
1725 32 48 0
1726 49 49 0
1727 50 50 0
1728 51 52 0
1729 53 57 0
1730 58 99 0
1731 0 99 0
1732 0 99 0
1733 0 99 0
1734 0 99 0
1735 0 54 0
1736 55 56 0
1737 57 59 0
1738 60 61 0
1739 62 65 0
1740 66 69 0
1741 70 71 0
1742 72 74 0
1743 75 75 0
1744 76 77 0
1745 78 99 0
1746 0 99 0
1747 0 85 0
1748 86 87 0
1749 88 92 0
1750 93 99 0
1751 0 0 0
1752 1 1 0
1753 2 9 0
1754 10 10 0
1755 11 15 0
1756 16 17 0
1757 18 18 0
1758 19 20 0
1759 21 99 0
1760 0 99 0
1761 0 13 0
1762 14 18 0
1763 19 19 0
1764 20 20 0
1765 21 21 0
1766 22 27 0
1767 28 41 0
1768 42 42 0
1769 43 44 0
1770 45 54 0
1771 55 99 0
1772 0 80 0
1773 81 88 0
1774 89 89 0
1775 90 90 0
1776 91 99 0
1777 0 0 0
1778 1 44 0
1779 45 45 0
1780 46 52 0
1781 53 55 0
1782 56 68 0
1783 69 69 0
1784 70 75 0
1785 76 78 0
1786 79 79 0
1787 80 81 0
1788 82 91 0
1789 92 99 0
1790 0 23 0
1791 24 27 0
1792 28 29 0
1793 30 30 0
1794 31 32 0
1795 33 35 0
1796 36 36 0
1797 37 41 0
1798 42 45 0
1799 46 47 0
1800 48 50 0
1801 51 94 0
1802 95 95 0
1803 96 96 0
1804 97 98 0
1805 99 99 0
1806 0 1 0
1807 2 4 0
1808 5 7 0
1809 8 11 0
1810 12 14 0
1811 15 15 0
1812 16 16 0
1813 17 18 0
1814 19 19 0
1815 20 23 0
1816 24 24 0
1817 25 42 0
1818 43 43 0
1819 44 47 0
1820 48 48 0
1821 49 50 0
1822 51 51 0
1823 52 54 0
1824 55 57 0
1825 58 59 0
1826 60 60 0
1827 61 71 0
1828 72 72 0
1829 73 86 0
1830 87 87 0
1831 88 89 0
1832 90 90 0
1833 91 91 0
1834 92 92 0
1835 93 99 0
1836 0 7 0
1837 8 8 0
1838 9 19 0
1839 20 28 0
1840 29 29 0
1841 30 36 0
1842 37 55 0
1843 56 56 0
1844 57 80 0
1845 81 86 0
1846 87 99 0
1847 0 99 0
1848 0 15 0
1849 16 34 0
1850 35 99 0
1851 0 99 0
