0 0 19 0
1 0 19 0
2 0 19 0
3 0 19 0
4 0 19 0
5 0 19 0
15 0 19 0
16 0 1 0
17 2 2 0
18 3 4 0
19 5 5 0
20 6 8 0
21 9 16 0
22 17 17 0
23 18 18 0
24 19 19 0
28 0 19 0
29 0 19 0
30 0 19 0
31 0 19 0
32 0 19 0
34 0 19 0
35 0 19 0
36 0 19 0
37 0 19 0
38 0 19 0
39 0 19 0
40 0 19 0
41 0 19 0
42 0 14 0
43 15 18 0
44 19 19 0
46 0 0 0
47 1 1 0
48 2 7 0
49 8 12 0
50 13 13 0
51 14 19 0
55 0 19 0
56 0 9 0
57 10 19 0
67 0 13 0
68 14 14 0
69 15 19 0
84 0 19 0
85 0 19 0
86 0 19 0
87 0 19 0
88 0 19 0
89 0 19 0
90 0 19 0
91 0 19 0
92 0 19 0
93 0 19 0
94 0 19 0
101 0 19 0
102 0 19 0
103 0 19 0
104 0 19 0
105 0 19 0
106 0 19 0
116 0 19 0
117 0 19 0
118 0 19 0
119 0 19 0
120 0 19 0
121 0 19 0
122 0 19 0
123 0 19 0
124 0 19 0
125 0 19 0
132 0 19 0
139 0 19 0
140 0 19 0
141 0 19 0
142 0 19 0
143 0 19 0
144 0 18 0
145 19 19 0
155 0 19 0
156 0 19 0
157 0 19 0
159 0 19 0
160 0 19 0
170 0 2 0
171 3 11 0
172 12 19 0
173 0 19 0
174 0 19 0
184 0 19 0
190 0 19 0
191 0 19 0
192 0 11 0
193 12 19 0
208 0 19 0
209 0 19 0
210 0 19 0
211 0 19 0
212 0 19 0
213 0 19 0
214 0 19 0
215 0 19 0
219 0 19 0
220 0 19 0
221 0 19 0
222 0 19 0
223 0 19 0
224 0 19 0
225 0 19 0
226 0 19 0
227 0 19 0
228 0 19 0
229 0 19 0
230 0 19 0
231 0 19 0
234 0 19 0
235 0 19 0
236 0 19 0
237 0 19 0
238 0 19 0
243 0 19 0
244 0 19 0
245 0 19 0
246 0 19 0
255 0 19 0
256 0 19 0
257 0 19 0
258 0 19 0
277 0 19 0
278 0 19 0
279 0 19 0
283 0 19 0
284 0 19 0
285 0 19 0
286 0 19 0
294 0 19 0
295 0 19 0
296 0 19 0
301 0 19 0
302 0 19 0
303 0 18 0
304 19 19 0
305 0 19 0
306 0 19 0
307 0 19 0
308 0 19 0
309 0 19 0
310 0 19 0
311 0 19 0
312 0 19 0
313 0 19 0
314 0 19 0
315 0 19 0
316 0 19 0
317 0 19 0
318 0 0 0
319 1 19 0
331 0 19 0
332 0 19 0
333 0 19 0
346 0 19 0
352 0 4 0
353 5 9 0
354 10 10 0
355 11 13 0
356 14 17 0
357 18 19 0
366 0 19 0
370 0 19 0
372 0 19 0
373 0 19 0
374 0 19 0
375 0 19 0
376 0 4 0
377 5 12 0
378 13 19 0
386 0 19 0
387 0 19 0
390 0 19 0
391 0 19 0
392 0 19 0
393 0 19 0
397 0 19 0
398 0 19 0
399 0 19 0
400 0 19 0
401 0 19 0
402 0 6 0
403 7 7 0
404 8 10 0
405 11 12 0
406 13 13 0
407 14 19 0
412 0 19 0
413 0 19 0
414 0 19 0
417 0 19 0
418 0 19 0
419 0 12 0
420 13 13 0
421 14 15 0
422 16 19 0
431 0 19 0
434 0 19 0
441 0 19 0
442 0 19 0
443 0 19 0
444 0 19 0
445 0 19 0
446 0 19 0
453 0 19 0
461 0 19 0
462 0 19 0
463 0 19 0
464 0 19 0
466 0 19 0
481 0 4 0
482 5 7 0
483 8 12 0
484 13 19 0
489 0 19 0
490 0 19 0
491 0 19 0
492 0 19 0
493 0 19 0
494 0 19 0
495 0 19 0
498 0 19 0
499 0 19 0
500 0 19 0
501 0 19 0
502 0 19 0
505 0 19 0
506 0 19 0
507 0 19 0
508 0 19 0
509 0 5 0
510 6 19 0
514 0 19 0
515 0 19 0
516 0 5 0
517 6 7 0
518 8 8 0
519 9 12 0
520 13 16 0
521 17 19 0
525 0 19 0
526 0 19 0
529 0 19 0
530 0 19 0
531 0 19 0
532 0 19 0
533 0 19 0
534 0 19 0
535 0 19 0
536 0 19 0
537 0 19 0
538 0 2 0
539 3 3 0
540 4 6 0
541 7 7 0
542 8 13 0
543 14 17 0
544 18 18 0
545 19 19 0
554 0 19 0
555 0 19 0
556 0 19 0
557 0 19 0
558 0 19 0
562 0 19 0
563 0 19 0
564 0 19 0
566 0 19 0
569 0 19 0
588 0 19 0
589 0 19 0
594 0 19 0
595 0 19 0
596 0 19 0
597 0 19 0
598 0 19 0
599 0 19 0
600 0 19 0
601 0 19 0
602 0 19 0
603 0 19 0
604 0 7 0
605 8 8 0
606 9 10 0
607 11 14 0
608 15 16 0
609 17 18 0
610 19 19 0
617 0 14 0
618 15 19 0
628 0 19 0
629 0 19 0
630 0 19 0
631 0 5 0
632 6 19 0
633 0 19 0
634 0 19 0
635 0 19 0
636 0 19 0
637 0 19 0
638 0 19 0
643 0 19 0
644 0 19 0
645 0 19 0
646 0 19 0
647 0 19 0
648 0 19 0
649 0 19 0
650 0 19 0
651 0 13 0
652 14 19 0
654 0 19 0
655 0 19 0
656 0 4 0
657 5 19 0
660 0 19 0
661 0 18 0
662 19 19 0
669 0 19 0
670 0 19 0
671 0 19 0
674 0 19 0
675 0 19 0
676 0 19 0
677 0 19 0
678 0 19 0
679 0 19 0
680 0 19 0
681 0 19 0
682 0 3 0
683 4 4 0
684 5 5 0
685 6 12 0
686 13 16 0
687 17 19 0
703 0 19 0
704 0 19 0
705 0 19 0
708 0 19 0
711 0 1 0
712 2 4 0
713 5 8 0
714 9 13 0
715 14 19 0
716 0 19 0
717 0 19 0
718 0 19 0
719 0 19 0
720 0 19 0
721 0 19 0
722 0 19 0
723 0 19 0
724 0 19 0
725 0 19 0
726 0 19 0
727 0 17 0
728 18 18 0
729 19 19 0
733 0 19 0
734 0 19 0
735 0 19 0
745 0 19 0
746 0 19 0
751 0 19 0
752 0 19 0
753 0 19 0
755 0 19 0
758 0 19 0
759 0 2 0
760 3 10 0
761 11 11 0
762 12 19 0
783 0 19 0
784 0 19 0
785 0 19 0
786 0 19 0
787 0 19 0
788 0 19 0
789 0 19 0
790 0 19 0
791 0 19 0
792 0 19 0
803 0 3 0
804 4 8 0
805 9 17 0
806 18 19 0
819 0 19 0
820 0 19 0
821 0 19 0
822 0 19 0
826 0 19 0
832 0 1 0
833 2 3 0
834 4 11 0
835 12 19 0
839 0 4 0
840 5 7 0
841 8 8 0
842 9 9 0
843 10 19 0
854 0 19 0
855 0 19 0
860 0 19 0
861 0 19 0
869 0 19 0
870 0 19 0
871 0 19 0
872 0 19 0
873 0 19 0
876 0 19 0
877 0 14 0
878 15 16 0
879 17 18 0
880 19 19 0
881 0 19 0
882 0 19 0
886 0 19 0
887 0 19 0
888 0 19 0
891 0 19 0
892 0 19 0
893 0 19 0
894 0 19 0
895 0 19 0
896 0 19 0
897 0 0 0
898 1 2 0
899 3 19 0
909 0 19 0
910 0 19 0
917 0 19 0
918 0 19 0
919 0 19 0
920 0 19 0
921 0 19 0
922 0 19 0
923 0 19 0
924 0 19 0
925 0 19 0
926 0 19 0
927 0 4 0
928 5 18 0
929 19 19 0
941 0 19 0
942 0 19 0
943 0 19 0
944 0 19 0
945 0 19 0
946 0 19 0
947 0 19 0
948 0 19 0
949 0 19 0
950 0 19 0
958 0 19 0
959 0 19 0
962 0 19 0
963 0 19 0
964 0 19 0
965 0 19 0
966 0 19 0
967 0 19 0
968 0 19 0
969 0 19 0
970 0 19 0
974 0 19 0
975 0 19 0
976 0 19 0
977 0 19 0
978 0 19 0
979 0 19 0
980 0 15 0
981 16 16 0
982 17 19 0
985 0 19 0
987 0 19 0
988 0 19 0
989 0 19 0
990 0 19 0
991 0 19 0
992 0 19 0
993 0 19 0
994 0 19 0
995 0 2 0
996 3 3 0
997 4 4 0
998 5 5 0
999 6 7 0
1000 8 8 0
1001 9 19 0
1009 0 19 0
1010 0 19 0
1018 0 19 0
1019 0 2 0
1020 3 19 0
1021 0 19 0
1024 0 8 0
1025 9 10 0
1026 11 14 0
1027 15 19 0
1050 0 19 0
1053 0 19 0
1054 0 19 0
1056 0 19 0
