0 0 73 0
1 74 74 0
2 75 99 0
3 0 82 0
4 83 88 0
5 89 98 0
6 99 99 0
7 0 99 0
8 0 99 0
9 0 85 0
10 86 99 0
11 0 8 0
12 9 9 0
13 10 22 0
14 23 23 0
15 24 25 0
16 26 99 0
17 0 99 0
18 0 2 0
19 3 6 0
20 7 10 0
21 11 99 0
22 0 99 0
23 0 87 0
24 88 89 0
25 90 90 0
26 91 99 0
27 0 99 0
28 0 72 0
29 73 82 0
30 83 83 0
31 84 89 0
32 90 99 0
33 0 29 0
34 30 99 0
35 0 99 0
36 0 99 0
37 0 99 0
38 0 99 0
39 0 99 0
40 0 40 0
41 41 58 0
42 59 59 0
43 60 60 0
44 61 70 0
45 71 71 0
46 72 72 0
47 73 73 0
48 74 75 0
49 76 77 0
50 78 78 0
51 79 98 0
52 99 99 0
53 0 99 0
54 0 82 0
55 83 83 0
56 84 84 0
57 85 85 0
58 86 86 0
59 87 99 0
60 0 4 0
61 5 6 0
62 7 7 0
63 8 42 0
64 43 99 0
65 0 2 0
66 3 18 0
67 19 19 0
68 20 23 0
69 24 52 0
70 53 56 0
71 57 57 0
72 58 99 0
73 0 99 0
74 0 3 0
75 4 9 0
76 10 10 0
77 11 22 0
78 23 24 0
79 25 28 0
80 29 78 0
81 79 79 0
82 80 83 0
83 84 88 0
84 89 90 0
85 91 91 0
86 92 93 0
87 94 94 0
88 95 99 0
89 0 11 0
90 12 16 0
91 17 17 0
92 18 23 0
93 24 33 0
94 34 35 0
95 36 36 0
96 37 42 0
97 43 43 0
98 44 46 0
99 47 48 0
100 49 55 0
101 56 57 0
102 58 61 0
103 62 62 0
104 63 69 0
105 70 74 0
106 75 76 0
107 77 81 0
108 82 82 0
109 83 83 0
110 84 87 0
111 88 88 0
112 89 95 0
113 96 99 0
114 0 73 0
115 74 75 0
116 76 99 0
117 0 99 0
118 0 99 0
119 0 99 0
120 0 99 0
121 0 91 0
122 92 92 0
123 93 99 0
124 0 92 0
125 93 99 0
126 0 99 0
127 0 99 0
128 0 99 0
129 0 16 0
130 17 20 0
131 21 45 0
132 46 79 0
133 80 86 0
134 87 87 0
135 88 99 0
136 0 99 0
137 0 99 0
138 0 99 0
139 0 99 0
140 0 93 0
141 94 95 0
142 96 97 0
143 98 99 0
144 0 12 0
145 13 13 0
146 14 20 0
147 21 27 0
148 28 29 0
149 30 99 0
150 0 99 0
151 0 99 0
152 0 99 0
153 0 65 0
154 66 68 0
155 69 69 0
156 70 89 0
157 90 90 0
158 91 99 0
159 0 89 0
160 90 94 0
161 95 95 0
162 96 99 0
163 0 99 0
164 0 99 0
165 0 99 0
166 0 99 0
167 0 20 0
168 21 21 0
169 22 23 0
170 24 24 0
171 25 34 0
172 35 89 0
173 90 90 0
174 91 91 0
175 92 99 0
176 0 21 0
177 22 30 0
178 31 77 0
179 78 78 0
180 79 79 0
181 80 85 0
182 86 86 0
183 87 88 0
184 89 90 0
185 91 94 0
186 95 99 0
187 0 99 0
188 0 99 0
189 0 99 0
190 0 99 0
191 0 99 0
192 0 6 0
193 7 14 0
194 15 19 0
195 20 20 0
196 21 48 0
197 49 49 0
198 50 50 0
199 51 58 0
200 59 62 0
201 63 63 0
202 64 78 0
203 79 96 0
204 97 97 0
205 98 99 0
206 0 99 0
207 0 99 0
208 0 15 0
209 16 39 0
210 40 49 0
211 50 60 0
212 61 61 0
213 62 75 0
214 76 99 0
215 0 34 0
216 35 36 0
217 37 75 0
218 76 76 0
219 77 99 0
220 0 18 0
221 19 19 0
222 20 20 0
223 21 99 0
224 0 0 0
225 1 3 0
226 4 63 0
227 64 68 0
228 69 69 0
229 70 78 0
230 79 79 0
231 80 99 0
232 0 99 0
233 0 11 0
234 12 13 0
235 14 17 0
236 18 18 0
237 19 19 0
238 20 42 0
239 43 47 0
240 48 60 0
241 61 62 0
242 63 63 0
243 64 78 0
244 79 90 0
245 91 93 0
246 94 99 0
247 0 19 0
248 20 99 0
249 0 99 0
250 0 99 0
251 0 3 0
252 4 10 0
253 11 11 0
254 12 14 0
255 15 16 0
256 17 18 0
257 19 20 0
258 21 22 0
259 23 23 0
260 24 98 0
261 99 99 0
262 0 99 0
263 0 99 0
264 0 99 0
265 0 99 0
266 0 99 0
267 0 99 0
268 0 99 0
269 0 11 0
270 12 67 0
271 68 99 0
272 0 99 0
273 0 99 0
274 0 99 0
275 0 99 0
276 0 82 0
277 83 84 0
278 85 95 0
279 96 96 0
280 97 99 0
281 0 99 0
282 0 39 0
283 40 41 0
284 42 43 0
285 44 44 0
286 45 45 0
287 46 48 0
288 49 50 0
289 51 51 0
290 52 52 0
291 53 70 0
292 71 72 0
293 73 73 0
294 74 77 0
295 78 97 0
296 98 98 0
297 99 99 0
298 0 99 0
299 0 99 0
300 0 99 0
301 0 55 0
302 56 56 0
303 57 57 0
304 58 58 0
305 59 64 0
306 65 73 0
307 74 78 0
308 79 97 0
309 98 99 0
310 0 99 0
311 0 21 0
312 22 22 0
313 23 99 0
314 0 99 0
315 0 99 0
316 0 99 0
317 0 99 0
318 0 8 0
319 9 9 0
320 10 12 0
321 13 23 0
322 24 36 0
323 37 39 0
324 40 41 0
325 42 43 0
326 44 44 0
327 45 45 0
328 46 46 0
329 47 47 0
330 48 54 0
331 55 55 0
332 56 56 0
333 57 74 0
334 75 75 0
335 76 77 0
336 78 95 0
337 96 97 0
338 98 98 0
339 99 99 0
340 0 99 0
341 0 99 0
342 0 99 0
343 0 10 0
344 11 11 0
345 12 14 0
346 15 17 0
347 18 26 0
348 27 28 0
349 29 39 0
350 40 40 0
351 41 41 0
352 42 42 0
353 43 44 0
354 45 45 0
355 46 47 0
356 48 54 0
357 55 63 0
358 64 99 0
359 0 99 0
360 0 99 0
361 0 99 0
362 0 19 0
363 20 23 0
364 24 26 0
365 27 27 0
366 28 28 0
367 29 29 0
368 30 33 0
369 34 35 0
370 36 45 0
371 46 49 0
372 50 52 0
373 53 53 0
374 54 59 0
375 60 60 0
376 61 99 0
377 0 99 0
378 0 99 0
379 0 19 0
380 20 29 0
381 30 30 0
382 31 39 0
383 40 47 0
384 48 48 0
385 49 49 0
386 50 50 0
387 51 51 0
388 52 54 0
389 55 99 0
390 0 99 0
391 0 99 0
392 0 99 0
393 0 15 0
394 16 17 0
395 18 25 0
396 26 58 0
397 59 68 0
398 69 76 0
399 77 91 0
400 92 93 0
401 94 94 0
402 95 98 0
403 99 99 0
404 0 99 0
405 0 99 0
406 0 77 0
407 78 91 0
408 92 92 0
409 93 93 0
410 94 99 0
411 0 99 0
412 0 77 0
413 78 78 0
414 79 99 0
415 0 6 0
416 7 64 0
417 65 65 0
418 66 99 0
419 0 99 0
420 0 99 0
421 0 99 0
422 0 99 0
423 0 99 0
424 0 99 0
425 0 43 0
426 44 44 0
427 45 52 0
428 53 55 0
429 56 66 0
430 67 73 0
431 74 77 0
432 78 80 0
433 81 81 0
434 82 83 0
435 84 99 0
436 0 99 0
437 0 99 0
438 0 72 0
439 73 74 0
440 75 78 0
441 79 96 0
442 97 99 0
443 0 99 0
444 0 99 0
445 0 99 0
446 0 0 0
447 1 12 0
448 13 15 0
449 16 17 0
450 18 18 0
451 19 23 0
452 24 33 0
453 34 45 0
454 46 46 0
455 47 51 0
456 52 53 0
457 54 54 0
458 55 58 0
459 59 61 0
460 62 66 0
461 67 71 0
462 72 99 0
463 0 99 0
464 0 44 0
465 45 99 0
466 0 6 0
467 7 7 0
468 8 8 0
469 9 10 0
470 11 16 0
471 17 17 0
472 18 19 0
473 20 22 0
474 23 58 0
475 59 60 0
476 61 61 0
477 62 62 0
478 63 99 0
479 0 10 0
480 11 16 0
481 17 17 0
482 18 89 0
483 90 90 0
484 91 91 0
485 92 99 0
486 0 1 0
487 2 4 0
488 5 5 0
489 6 6 0
490 7 31 0
491 32 33 0
492 34 34 0
493 35 38 0
494 39 42 0
495 43 99 0
496 0 10 0
497 11 99 0
498 0 19 0
499 20 99 0
500 0 99 0
501 0 99 0
502 0 99 0
503 0 99 0
504 0 1 0
505 2 4 0
506 5 7 0
507 8 9 0
508 10 13 0
509 14 44 0
510 45 45 0
511 46 46 0
512 47 59 0
513 60 67 0
514 68 69 0
515 70 77 0
516 78 78 0
517 79 99 0
518 0 99 0
519 0 16 0
520 17 17 0
521 18 88 0
522 89 89 0
523 90 91 0
524 92 99 0
525 0 99 0
526 0 99 0
527 0 99 0
528 0 25 0
529 26 26 0
530 27 30 0
531 31 99 0
532 0 69 0
533 70 99 0
534 0 99 0
535 0 99 0
536 0 61 0
537 62 64 0
538 65 65 0
539 66 91 0
540 92 92 0
541 93 93 0
542 94 98 0
543 99 99 0
544 0 78 0
545 79 81 0
546 82 99 0
547 0 3 0
548 4 24 0
549 25 25 0
550 26 49 0
551 50 52 0
552 53 55 0
553 56 56 0
554 57 67 0
555 68 71 0
556 72 99 0
557 0 99 0
558 0 99 0
559 0 34 0
560 35 36 0
561 37 44 0
562 45 99 0
563 0 99 0
564 0 49 0
565 50 52 0
566 53 81 0
567 82 83 0
568 84 99 0
569 0 5 0
570 6 6 0
571 7 8 0
572 9 20 0
573 21 29 0
574 30 99 0
575 0 58 0
576 59 62 0
577 63 66 0
578 67 70 0
579 71 72 0
580 73 82 0
581 83 88 0
582 89 90 0
583 91 99 0
584 0 27 0
585 28 31 0
586 32 74 0
587 75 76 0
588 77 78 0
589 79 79 0
590 80 99 0
591 0 99 0
592 0 38 0
593 39 39 0
594 40 44 0
595 45 59 0
596 60 79 0
597 80 80 0
598 81 81 0
599 82 87 0
600 88 99 0
601 0 99 0
602 0 99 0
603 0 99 0
604 0 20 0
605 21 21 0
606 22 24 0
607 25 26 0
608 27 99 0
609 0 24 0
610 25 26 0
611 27 27 0
612 28 28 0
613 29 29 0
614 30 74 0
615 75 75 0
616 76 79 0
617 80 83 0
618 84 85 0
619 86 96 0
620 97 99 0
621 0 99 0
622 0 99 0
623 0 68 0
624 69 70 0
625 71 84 0
626 85 99 0
627 0 17 0
628 18 99 0
629 0 12 0
630 13 13 0
631 14 17 0
632 18 18 0
633 19 23 0
634 24 25 0
635 26 78 0
636 79 99 0
637 0 1 0
638 2 2 0
639 3 4 0
640 5 21 0
641 22 23 0
642 24 24 0
643 25 25 0
644 26 33 0
645 34 34 0
646 35 99 0
647 0 78 0
648 79 79 0
649 80 82 0
650 83 99 0
651 0 55 0
652 56 58 0
653 59 59 0
654 60 62 0
655 63 67 0
656 68 75 0
657 76 77 0
658 78 78 0
659 79 82 0
660 83 99 0
661 0 56 0
662 57 74 0
663 75 83 0
664 84 84 0
665 85 85 0
666 86 99 0
667 0 47 0
668 48 52 0
669 53 54 0
670 55 61 0
671 62 68 0
672 69 73 0
673 74 99 0
674 0 98 0
675 99 99 0
676 0 93 0
677 94 94 0
678 95 99 0
679 0 33 0
680 34 38 0
681 39 78 0
682 79 99 0
683 0 99 0
684 0 99 0
685 0 99 0
686 0 99 0
687 0 7 0
688 8 8 0
689 9 99 0
690 0 99 0
691 0 70 0
692 71 79 0
693 80 85 0
694 86 87 0
695 88 99 0
696 0 99 0
697 0 99 0
698 0 1 0
699 2 13 0
700 14 85 0
701 86 99 0
702 0 99 0
703 0 99 0
704 0 1 0
705 2 4 0
706 5 5 0
707 6 15 0
708 16 41 0
709 42 42 0
710 43 44 0
711 45 45 0
712 46 47 0
713 48 65 0
714 66 99 0
715 0 99 0
716 0 99 0
717 0 99 0
718 0 99 0
719 0 99 0
720 0 99 0
721 0 99 0
722 0 99 0
723 0 99 0
724 0 99 0
725 0 99 0
726 0 0 0
727 1 1 0
728 2 4 0
729 5 5 0
730 6 6 0
731 7 7 0
732 8 8 0
733 9 21 0
734 22 22 0
735 23 29 0
736 30 30 0
737 31 33 0
738 34 34 0
739 35 35 0
740 36 44 0
741 45 46 0
742 47 72 0
743 73 74 0
744 75 75 0
745 76 99 0
746 0 99 0
747 0 58 0
748 59 60 0
749 61 61 0
750 62 62 0
751 63 67 0
752 68 99 0
753 0 99 0
754 0 99 0
755 0 13 0
756 14 16 0
757 17 28 0
758 29 36 0
759 37 43 0
760 44 44 0
761 45 50 0
762 51 99 0
763 0 99 0
764 0 99 0
765 0 18 0
766 19 99 0
767 0 34 0
768 35 35 0
769 36 37 0
770 38 39 0
771 40 58 0
772 59 61 0
773 62 65 0
774 66 99 0
775 0 13 0
776 14 14 0
777 15 24 0
778 25 25 0
779 26 99 0
780 0 99 0
781 0 33 0
782 34 34 0
783 35 36 0
784 37 38 0
785 39 40 0
786 41 41 0
787 42 63 0
788 64 99 0
789 0 99 0
790 0 99 0
791 0 95 0
792 96 99 0
793 0 99 0
794 0 99 0
795 0 99 0
796 0 99 0
797 0 99 0
798 0 99 0
799 0 99 0
800 0 3 0
801 4 4 0
802 5 5 0
803 6 18 0
804 19 99 0
805 0 4 0
806 5 13 0
807 14 14 0
808 15 19 0
809 20 71 0
810 72 75 0
811 76 82 0
812 83 83 0
813 84 99 0
814 0 99 0
815 0 99 0
816 0 99 0
817 0 1 0
818 2 34 0
819 35 37 0
820 38 99 0
821 0 99 0
822 0 99 0
823 0 99 0
824 0 99 0
825 0 89 0
826 90 91 0
827 92 93 0
828 94 97 0
829 98 99 0
830 0 8 0
831 9 9 0
832 10 11 0
833 12 19 0
834 20 33 0
835 34 34 0
836 35 99 0
837 0 99 0
838 0 99 0
839 0 99 0
840 0 99 0
841 0 76 0
842 77 77 0
843 78 79 0
844 80 80 0
845 81 81 0
846 82 99 0
847 0 99 0
848 0 53 0
849 54 96 0
850 97 97 0
851 98 99 0
852 0 99 0
853 0 4 0
854 5 28 0
855 29 99 0
856 0 99 0
857 0 99 0
858 0 1 0
859 2 10 0
860 11 14 0
861 15 33 0
862 34 41 0
863 42 44 0
864 45 48 0
865 49 49 0
866 50 50 0
867 51 53 0
868 54 99 0
869 0 99 0
870 0 6 0
871 7 7 0
872 8 9 0
873 10 13 0
874 14 22 0
875 23 61 0
876 62 99 0
877 0 99 0
878 0 99 0
879 0 9 0
880 10 21 0
881 22 57 0
882 58 59 0
883 60 62 0
884 63 82 0
885 83 85 0
886 86 91 0
887 92 95 0
888 96 99 0
889 0 37 0
890 38 40 0
891 41 56 0
892 57 84 0
893 85 90 0
894 91 93 0
895 94 94 0
896 95 96 0
897 97 99 0
898 0 99 0
899 0 99 0
900 0 47 0
901 48 50 0
902 51 66 0
903 67 70 0
904 71 85 0
905 86 86 0
906 87 87 0
907 88 89 0
908 90 99 0
909 0 99 0
910 0 99 0
911 0 99 0
912 0 41 0
913 42 48 0
914 49 51 0
915 52 53 0
916 54 55 0
917 56 56 0
918 57 58 0
919 59 99 0
920 0 1 0
921 2 4 0
922 5 5 0
923 6 7 0
924 8 15 0
925 16 16 0
926 17 22 0
927 23 23 0
928 24 58 0
929 59 61 0
930 62 99 0
931 0 99 0
932 0 99 0
933 0 77 0
934 78 99 0
935 0 25 0
936 26 26 0
937 27 37 0
938 38 45 0
939 46 46 0
940 47 47 0
941 48 51 0
942 52 57 0
943 58 63 0
944 64 66 0
945 67 68 0
946 69 72 0
947 73 80 0
948 81 86 0
949 87 87 0
950 88 91 0
951 92 92 0
952 93 99 0
953 0 0 0
954 1 1 0
955 2 2 0
956 3 4 0
957 5 70 0
958 71 99 0
959 0 99 0
960 0 52 0
961 53 53 0
962 54 55 0
963 56 57 0
964 58 59 0
965 60 96 0
966 97 97 0
967 98 99 0
968 0 99 0
969 0 99 0
970 0 99 0
971 0 65 0
972 66 66 0
973 67 88 0
974 89 91 0
975 92 99 0
976 0 99 0
977 0 99 0
978 0 99 0
979 0 49 0
980 50 99 0
981 0 99 0
982 0 5 0
983 6 7 0
984 8 8 0
985 9 35 0
986 36 99 0
987 0 99 0
988 0 99 0
989 0 12 0
990 13 14 0
991 15 16 0
992 17 21 0
993 22 22 0
994 23 40 0
995 41 41 0
996 42 43 0
997 44 99 0
998 0 99 0
999 0 29 0
1000 30 30 0
1001 31 38 0
1002 39 50 0
1003 51 63 0
1004 64 64 0
1005 65 67 0
1006 68 71 0
1007 72 72 0
1008 73 75 0
1009 76 99 0
1010 0 99 0
1011 0 99 0
1012 0 15 0
1013 16 33 0
1014 34 36 0
1015 37 99 0
1016 0 99 0
1017 0 99 0
1018 0 0 0
1019 1 8 0
1020 9 10 0
1021 11 11 0
1022 12 15 0
1023 16 16 0
1024 17 23 0
1025 24 24 0
1026 25 25 0
1027 26 27 0
1028 28 28 0
1029 29 99 0
1030 0 99 0
1031 0 47 0
1032 48 48 0
1033 49 50 0
1034 51 52 0
1035 53 99 0
1036 0 60 0
1037 61 61 0
1038 62 92 0
1039 93 99 0
1040 0 99 0
1041 0 99 0
1042 0 99 0
1043 0 50 0
1044 51 52 0
1045 53 53 0
1046 54 54 0
1047 55 72 0
1048 73 73 0
1049 74 74 0
1050 75 76 0
1051 77 77 0
1052 78 78 0
1053 79 80 0
1054 81 81 0
1055 82 89 0
1056 90 95 0
1057 96 99 0
1058 0 98 0
1059 99 99 0
1060 0 46 0
1061 47 99 0
1062 0 23 0
1063 24 24 0
1064 25 26 0
1065 27 30 0
1066 31 99 0
1067 0 1 0
1068 2 2 0
1069 3 5 0
1070 6 6 0
1071 7 7 0
1072 8 13 0
1073 14 14 0
1074 15 15 0
1075 16 16 0
1076 17 17 0
1077 18 20 0
1078 21 25 0
1079 26 30 0
1080 31 67 0
1081 68 99 0
1082 0 99 0
1083 0 99 0
1084 0 99 0
1085 0 31 0
1086 32 37 0
1087 38 99 0
1088 0 14 0
1089 15 15 0
1090 16 16 0
1091 17 42 0
1092 43 44 0
1093 45 46 0
1094 47 47 0
1095 48 48 0
1096 49 49 0
1097 50 52 0
1098 53 53 0
1099 54 99 0
1100 0 0 0
1101 1 1 0
1102 2 3 0
1103 4 21 0
1104 22 22 0
1105 23 24 0
1106 25 45 0
1107 46 46 0
1108 47 81 0
1109 82 99 0
1110 0 1 0
1111 2 3 0
1112 4 10 0
1113 11 13 0
1114 14 15 0
1115 16 16 0
1116 17 17 0
1117 18 18 0
1118 19 56 0
1119 57 57 0
1120 58 58 0
1121 59 62 0
1122 63 67 0
1123 68 68 0
1124 69 74 0
1125 75 79 0
1126 80 82 0
1127 83 99 0
1128 0 99 0
1129 0 7 0
1130 8 9 0
1131 10 99 0
1132 0 99 0
1133 0 23 0
1134 24 24 0
1135 25 28 0
1136 29 99 0
1137 0 99 0
1138 0 99 0
1139 0 99 0
1140 0 99 0
1141 0 66 0
1142 67 71 0
1143 72 72 0
1144 73 75 0
1145 76 80 0
1146 81 83 0
1147 84 99 0
1148 0 63 0
1149 64 64 0
1150 65 84 0
1151 85 85 0
1152 86 86 0
1153 87 88 0
1154 89 89 0
1155 90 99 0
1156 0 4 0
1157 5 5 0
1158 6 6 0
1159 7 46 0
1160 47 47 0
1161 48 49 0
1162 50 50 0
1163 51 92 0
1164 93 96 0
1165 97 99 0
1166 0 99 0
1167 0 32 0
1168 33 34 0
1169 35 38 0
1170 39 39 0
1171 40 40 0
1172 41 42 0
1173 43 43 0
1174 44 99 0
1175 0 99 0
1176 0 99 0
1177 0 7 0
1178 8 8 0
1179 9 37 0
1180 38 39 0
1181 40 40 0
1182 41 43 0
1183 44 99 0
1184 0 99 0
1185 0 99 0
1186 0 99 0
1187 0 99 0
1188 0 99 0
1189 0 99 0
1190 0 20 0
1191 21 21 0
1192 22 26 0
1193 27 28 0
1194 29 29 0
1195 30 38 0
1196 39 39 0
1197 40 48 0
1198 49 54 0
1199 55 55 0
1200 56 99 0
1201 0 99 0
1202 0 25 0
1203 26 26 0
1204 27 36 0
1205 37 47 0
1206 48 48 0
1207 49 49 0
1208 50 50 0
1209 51 57 0
1210 58 99 0
1211 0 44 0
1212 45 46 0
1213 47 53 0
1214 54 99 0
1215 0 99 0
1216 0 99 0
1217 0 99 0
1218 0 36 0
1219 37 40 0
1220 41 41 0
1221 42 53 0
1222 54 55 0
1223 56 56 0
1224 57 64 0
1225 65 65 0
1226 66 66 0
1227 67 99 0
1228 0 99 0
1229 0 99 0
1230 0 99 0
1231 0 47 0
1232 48 48 0
1233 49 49 0
1234 50 69 0
1235 70 76 0
1236 77 99 0
1237 0 99 0
1238 0 1 0
1239 2 6 0
1240 7 9 0
1241 10 22 0
1242 23 26 0
1243 27 33 0
1244 34 40 0
1245 41 43 0
1246 44 99 0
1247 0 97 0
1248 98 98 0
1249 99 99 0
1250 0 96 0
1251 97 98 0
1252 99 99 0
1253 0 99 0
1254 0 93 0
1255 94 95 0
1256 96 98 0
1257 99 99 0
1258 0 99 0
1259 0 99 0
1260 0 48 0
1261 49 49 0
1262 50 56 0
1263 57 58 0
1264 59 59 0
1265 60 61 0
1266 62 67 0
1267 68 99 0
1268 0 99 0
1269 0 99 0
1270 0 9 0
1271 10 22 0
1272 23 25 0
1273 26 99 0
1274 0 99 0
1275 0 39 0
1276 40 40 0
1277 41 43 0
1278 44 45 0
1279 46 46 0
1280 47 47 0
1281 48 67 0
1282 68 86 0
1283 87 87 0
1284 88 88 0
1285 89 98 0
1286 99 99 0
1287 0 99 0
1288 0 99 0
1289 0 99 0
1290 0 99 0
1291 0 84 0
1292 85 88 0
1293 89 90 0
1294 91 91 0
1295 92 99 0
1296 0 99 0
1297 0 57 0
1298 58 65 0
1299 66 66 0
1300 67 67 0
1301 68 68 0
1302 69 69 0
1303 70 71 0
1304 72 99 0
1305 0 99 0
1306 0 22 0
1307 23 26 0
1308 27 27 0
1309 28 34 0
1310 35 66 0
1311 67 99 0
1312 0 99 0
1313 0 74 0
1314 75 75 0
1315 76 77 0
1316 78 81 0
1317 82 82 0
1318 83 84 0
1319 85 86 0
1320 87 90 0
1321 91 99 0
1322 0 60 0
1323 61 61 0
1324 62 65 0
1325 66 76 0
1326 77 78 0
1327 79 85 0
1328 86 93 0
1329 94 99 0
1330 0 99 0
1331 0 60 0
1332 61 66 0
1333 67 67 0
1334 68 69 0
1335 70 71 0
1336 72 73 0
1337 74 75 0
1338 76 80 0
1339 81 83 0
1340 84 84 0
1341 85 99 0
1342 0 99 0
1343 0 6 0
1344 7 7 0
1345 8 39 0
1346 40 40 0
1347 41 41 0
1348 42 42 0
1349 43 43 0
1350 44 45 0
1351 46 47 0
1352 48 99 0
1353 0 32 0
1354 33 33 0
1355 34 40 0
1356 41 41 0
1357 42 43 0
1358 44 44 0
1359 45 45 0
1360 46 52 0
1361 53 53 0
1362 54 61 0
1363 62 62 0
1364 63 63 0
1365 64 65 0
1366 66 66 0
1367 67 72 0
1368 73 76 0
1369 77 79 0
1370 80 80 0
1371 81 90 0
1372 91 91 0
1373 92 94 0
1374 95 97 0
1375 98 98 0
1376 99 99 0
1377 0 50 0
1378 51 51 0
1379 52 52 0
1380 53 80 0
1381 81 82 0
1382 83 84 0
1383 85 87 0
1384 88 95 0
1385 96 99 0
1386 0 99 0
1387 0 99 0
1388 0 99 0
1389 0 99 0
1390 0 91 0
1391 92 93 0
1392 94 99 0
1393 0 99 0
1394 0 99 0
1395 0 0 0
1396 1 1 0
1397 2 16 0
1398 17 17 0
1399 18 25 0
1400 26 28 0
1401 29 31 0
1402 32 34 0
1403 35 99 0
1404 0 99 0
1405 0 22 0
1406 23 27 0
1407 28 28 0
1408 29 31 0
1409 32 32 0
1410 33 33 0
1411 34 35 0
1412 36 37 0
1413 38 38 0
1414 39 45 0
1415 46 68 0
1416 69 70 0
1417 71 73 0
1418 74 90 0
1419 91 99 0
1420 0 99 0
1421 0 0 0
1422 1 74 0
1423 75 76 0
1424 77 86 0
1425 87 92 0
1426 93 96 0
1427 97 99 0
1428 0 10 0
1429 11 11 0
1430 12 39 0
1431 40 40 0
1432 41 41 0
1433 42 45 0
1434 46 48 0
1435 49 49 0
1436 50 51 0
1437 52 53 0
1438 54 58 0
1439 59 60 0
1440 61 69 0
1441 70 75 0
1442 76 78 0
1443 79 84 0
1444 85 99 0
1445 0 2 0
1446 3 3 0
1447 4 4 0
1448 5 7 0
1449 8 8 0
1450 9 9 0
1451 10 12 0
1452 13 18 0
1453 19 22 0
1454 23 23 0
1455 24 24 0
1456 25 25 0
1457 26 28 0
1458 29 30 0
1459 31 31 0
1460 32 33 0
1461 34 38 0
1462 39 40 0
1463 41 67 0
1464 68 68 0
1465 69 71 0
1466 72 72 0
1467 73 79 0
1468 80 80 0
1469 81 81 0
1470 82 82 0
1471 83 83 0
1472 84 86 0
1473 87 90 0
1474 91 96 0
1475 97 98 0
1476 99 99 0
1477 0 33 0
1478 34 60 0
1479 61 92 0
1480 93 94 0
1481 95 99 0
1482 0 99 0
1483 0 25 0
1484 26 57 0
1485 58 99 0
1486 0 99 0
