0 0 19 0
3 0 19 0
8 0 19 0
9 0 19 0
11 0 19 0
16 0 4 0
17 5 5 0
18 6 13 0
19 14 14 0
20 15 15 0
21 16 19 0
22 0 19 0
23 0 0 0
24 1 4 0
25 5 6 0
26 7 19 0
27 0 19 0
28 0 19 0
40 0 19 0
41 0 19 0
54 0 17 0
55 18 19 0
56 0 19 0
57 0 19 0
58 0 19 0
59 0 19 0
60 0 19 0
61 0 19 0
76 0 19 0
77 0 19 0
85 0 2 0
86 3 3 0
87 4 4 0
88 5 19 0
92 0 1 0
93 2 13 0
94 14 19 0
96 0 19 0
97 0 1 0
98 2 5 0
99 6 6 0
100 7 13 0
101 14 14 0
102 15 15 0
103 16 19 0
111 0 7 0
112 8 8 0
113 9 9 0
114 10 10 0
115 11 13 0
116 14 19 0
142 0 19 0
145 0 19 0
146 0 19 0
147 0 19 0
148 0 19 0
149 0 19 0
154 0 19 0
168 0 19 0
169 0 19 0
170 0 19 0
171 0 10 0
172 11 12 0
173 13 19 0
179 0 19 0
180 0 19 0
181 0 19 0
182 0 19 0
183 0 19 0
185 0 12 0
186 13 16 0
187 17 17 0
188 18 19 0
189 0 19 0
190 0 19 0
191 0 19 0
192 0 19 0
198 0 19 0
204 0 19 0
205 0 19 0
210 0 19 0
211 0 19 0
212 0 12 0
213 13 14 0
214 15 19 0
217 0 12 0
218 13 13 0
219 14 14 0
220 15 18 0
221 19 19 0
226 0 19 0
227 0 19 0
228 0 19 0
229 0 19 0
230 0 19 0
231 0 3 0
232 4 8 0
233 9 11 0
234 12 12 0
235 13 19 0
242 0 19 0
245 0 19 0
259 0 9 0
260 10 19 0
266 0 19 0
278 0 13 0
279 14 19 0
280 0 0 0
281 1 2 0
282 3 19 0
286 0 19 0
287 0 7 0
288 8 8 0
289 9 9 0
290 10 10 0
291 11 11 0
292 12 19 0
308 0 11 0
309 12 12 0
310 13 13 0
311 14 19 0
315 0 19 0
316 0 19 0
317 0 2 0
318 3 6 0
319 7 7 0
320 8 8 0
321 9 9 0
322 10 11 0
323 12 12 0
324 13 19 0
329 0 19 0
330 0 19 0
331 0 19 0
332 0 19 0
333 0 19 0
334 0 19 0
335 0 19 0
336 0 7 0
337 8 19 0
339 0 19 0
340 0 19 0
341 0 19 0
342 0 19 0
343 0 19 0
347 0 19 0
348 0 19 0
368 0 19 0
369 0 19 0
376 0 19 0
377 0 19 0
387 0 19 0
389 0 12 0
390 13 13 0
391 14 19 0
392 0 19 0
393 0 19 0
394 0 19 0
401 0 19 0
402 0 7 0
403 8 13 0
404 14 19 0
416 0 19 0
417 0 19 0
418 0 19 0
419 0 8 0
420 9 10 0
421 11 16 0
422 17 17 0
423 18 19 0
434 0 19 0
435 0 19 0
442 0 19 0
443 0 11 0
444 12 14 0
445 15 15 0
446 16 16 0
447 17 19 0
454 0 19 0
455 0 19 0
456 0 11 0
457 12 17 0
458 18 18 0
459 19 19 0
471 0 19 0
473 0 19 0
474 0 19 0
475 0 9 0
476 10 10 0
477 11 15 0
478 16 19 0
492 0 19 0
493 0 19 0
496 0 19 0
506 0 19 0
507 0 19 0
508 0 3 0
509 4 19 0
517 0 19 0
523 0 19 0
524 0 19 0
525 0 19 0
530 0 19 0
531 0 19 0
532 0 19 0
542 0 19 0
543 0 19 0
544 0 19 0
552 0 19 0
553 0 19 0
554 0 19 0
556 0 0 0
557 1 7 0
558 8 10 0
559 11 13 0
560 14 19 0
569 0 19 0
577 0 19 0
579 0 5 0
580 6 6 0
581 7 11 0
582 12 13 0
583 14 19 0
586 0 6 0
587 7 19 0
589 0 0 0
590 1 1 0
591 2 18 0
592 19 19 0
599 0 6 0
600 7 19 0
601 0 11 0
602 12 19 0
603 0 19 0
604 0 19 0
615 0 19 0
616 0 19 0
617 0 0 0
618 1 2 0
619 3 4 0
620 5 5 0
621 6 8 0
622 9 19 0
629 0 19 0
630 0 19 0
643 0 19 0
644 0 19 0
645 0 19 0
646 0 18 0
647 19 19 0
648 0 19 0
657 0 19 0
660 0 19 0
661 0 19 0
669 0 19 0
673 0 2 0
674 3 14 0
675 15 15 0
676 16 19 0
683 0 19 0
684 0 19 0
687 0 19 0
694 0 19 0
704 0 19 0
711 0 3 0
712 4 4 0
713 5 5 0
714 6 12 0
715 13 17 0
716 18 19 0
717 0 16 0
718 17 17 0
719 18 19 0
731 0 16 0
732 17 19 0
740 0 19 0
741 0 19 0
770 0 19 0
773 0 19 0
775 0 19 0
785 0 14 0
786 15 15 0
787 16 19 0
788 0 14 0
789 15 19 0
797 0 19 0
798 0 19 0
799 0 19 0
810 0 10 0
811 11 19 0
813 0 10 0
814 11 11 0
815 12 14 0
816 15 16 0
817 17 19 0
819 0 0 0
820 1 1 0
821 2 2 0
822 3 12 0
823 13 13 0
824 14 14 0
825 15 15 0
826 16 19 0
827 0 19 0
834 0 19 0
851 0 19 0
859 0 19 0
869 0 19 0
871 0 19 0
874 0 19 0
880 0 19 0
881 0 19 0
882 0 19 0
883 0 19 0
892 0 19 0
893 0 19 0
894 0 19 0
901 0 19 0
902 0 19 0
903 0 1 0
904 2 8 0
905 9 19 0
909 0 19 0
910 0 19 0
911 0 1 0
912 2 2 0
913 3 3 0
914 4 10 0
915 11 19 0
928 0 19 0
930 0 19 0
933 0 19 0
934 0 19 0
935 0 19 0
936 0 19 0
937 0 19 0
938 0 19 0
939 0 19 0
940 0 19 0
941 0 19 0
942 0 0 0
943 1 2 0
944 3 4 0
945 5 5 0
946 6 12 0
947 13 13 0
948 14 17 0
949 18 18 0
950 19 19 0
964 0 19 0
965 0 19 0
969 0 19 0
970 0 19 0
971 0 8 0
972 9 9 0
973 10 17 0
974 18 19 0
982 0 19 0
983 0 19 0
984 0 11 0
985 12 19 0
990 0 19 0
1001 0 7 0
1002 8 8 0
1003 9 10 0
1004 11 11 0
1005 12 12 0
1006 13 16 0
1007 17 19 0
1010 0 19 0
1012 0 18 0
1013 19 19 0
1022 0 19 0
1023 0 19 0
1024 0 19 0
1032 0 19 0
1033 0 19 0
1034 0 19 0
1037 0 19 0
1050 0 19 0
1053 0 19 0
1054 0 19 0
1055 0 4 0
1056 5 10 0
1057 11 19 0
1058 0 2 0
1059 3 7 0
1060 8 8 0
1061 9 9 0
1062 10 10 0
1063 11 11 0
1064 12 19 0
1069 0 19 0
1074 0 19 0
1075 0 19 0
1076 0 1 0
1077 2 19 0
1080 0 19 0
1083 0 19 0
1088 0 19 0
1089 0 19 0
1091 0 19 0
1105 0 4 0
1106 5 5 0
1107 6 6 0
1108 7 11 0
1109 12 19 0
1113 0 19 0
1114 0 19 0
1115 0 19 0
1116 0 19 0
1117 0 19 0
1121 0 19 0
1122 0 19 0
1127 0 19 0
1128 0 2 0
1129 3 16 0
1130 17 19 0
1131 0 19 0
1132 0 19 0
1138 0 0 0
1139 1 6 0
1140 7 8 0
1141 9 19 0
1147 0 19 0
1148 0 3 0
1149 4 4 0
1150 5 5 0
1151 6 7 0
1152 8 13 0
1153 14 19 0
1155 0 19 0
1156 0 19 0
1166 0 5 0
1167 6 12 0
1168 13 19 0
1184 0 19 0
1191 0 19 0
1192 0 19 0
1193 0 19 0
1208 0 19 0
1211 0 19 0
1212 0 19 0
1213 0 19 0
1219 0 1 0
1220 2 2 0
1221 3 3 0
1222 4 4 0
1223 5 9 0
1224 10 10 0
1225 11 19 0
1230 0 19 0
1231 0 19 0
1232 0 19 0
1238 0 19 0
1251 0 1 0
1252 2 2 0
1253 3 19 0
1255 0 19 0
1260 0 19 0
1278 0 19 0
1279 0 19 0
1280 0 19 0
1282 0 19 0
1286 0 19 0
1287 0 19 0
1288 0 19 0
1290 0 19 0
1292 0 19 0
1293 0 4 0
1294 5 19 0
1296 0 19 0
1297 0 19 0
1298 0 7 0
1299 8 8 0
1300 9 10 0
1301 11 12 0
1302 13 13 0
1303 14 19 0
1305 0 19 0
1306 0 17 0
1307 18 18 0
1308 19 19 0
1313 0 19 0
1314 0 19 0
1315 0 9 0
1316 10 19 0
1330 0 9 0
1331 10 10 0
1332 11 19 0
1333 0 19 0
1334 0 0 0
1335 1 4 0
1336 5 6 0
1337 7 7 0
1338 8 10 0
1339 11 11 0
1340 12 13 0
1341 14 14 0
1342 15 15 0
1343 16 19 0
1347 0 19 0
1348 0 19 0
1356 0 19 0
1365 0 19 0
1366 0 19 0
1367 0 19 0
1368 0 19 0
1383 0 19 0
1389 0 19 0
1391 0 17 0
1392 18 18 0
1393 19 19 0
1394 0 0 0
1395 1 1 0
1396 2 4 0
1397 5 10 0
1398 11 12 0
1399 13 15 0
1400 16 18 0
1401 19 19 0
1403 0 19 0
1404 0 19 0
1411 0 19 0
1412 0 19 0
1415 0 8 0
1416 9 19 0
1421 0 2 0
1422 3 14 0
1423 15 19 0
1428 0 0 0
1429 1 1 0
1430 2 6 0
1431 7 7 0
1432 8 19 0
1443 0 19 0
1444 0 19 0
1452 0 19 0
1453 0 17 0
1454 18 19 0
1455 0 19 0
1456 0 19 0
1457 0 19 0
1458 0 19 0
1459 0 19 0
1464 0 19 0
1471 0 2 0
1472 3 19 0
1490 0 19 0
1491 0 18 0
1492 19 19 0
1497 0 19 0
1498 0 19 0
1500 0 4 0
1501 5 5 0
1502 6 19 0
1505 0 19 0
1507 0 19 0
1508 0 19 0
1509 0 19 0
1510 0 19 0
1515 0 19 0
1517 0 15 0
1518 16 16 0
1519 17 17 0
1520 18 19 0
1526 0 19 0
1527 0 15 0
1528 16 17 0
1529 18 19 0
1534 0 19 0
1538 0 19 0
1539 0 19 0
1540 0 19 0
1541 0 19 0
1545 0 19 0
1546 0 19 0
1547 0 19 0
1548 0 19 0
1553 0 19 0
1554 0 0 0
1555 1 3 0
1556 4 5 0
1557 6 12 0
1558 13 15 0
1559 16 19 0
1572 0 19 0
1579 0 19 0
1583 0 19 0
1584 0 19 0
1589 0 19 0
1590 0 19 0
1591 0 19 0
1607 0 19 0
1608 0 19 0
1609 0 5 0
1610 6 13 0
1611 14 15 0
1612 16 19 0
1613 0 19 0
1614 0 18 0
1615 19 19 0
1628 0 19 0
1629 0 19 0
1630 0 19 0
1635 0 19 0
1636 0 19 0
1641 0 19 0
1642 0 19 0
1654 0 19 0
1655 0 13 0
1656 14 19 0
1659 0 19 0
1660 0 19 0
1672 0 19 0
1682 0 19 0
1683 0 19 0
1692 0 19 0
1693 0 3 0
1694 4 4 0
1695 5 19 0
1701 0 19 0
1724 0 19 0
1731 0 19 0
1732 0 19 0
1733 0 19 0
1734 0 19 0
1735 0 19 0
1746 0 19 0
1747 0 19 0
1751 0 0 0
1752 1 1 0
1753 2 9 0
1754 10 10 0
1755 11 15 0
1756 16 17 0
1757 18 18 0
1758 19 19 0
1760 0 19 0
1761 0 13 0
1762 14 18 0
1763 19 19 0
1772 0 19 0
1777 0 0 0
1778 1 19 0
1790 0 19 0
1806 0 1 0
1807 2 4 0
1808 5 7 0
1809 8 11 0
1810 12 14 0
1811 15 15 0
1812 16 16 0
1813 17 18 0
1814 19 19 0
1836 0 7 0
1837 8 8 0
1838 9 19 0
1847 0 19 0
1848 0 15 0
1849 16 19 0
1851 0 19 0
