0 0 99 0
1 0 62 0
2 63 66 0
3 67 73 0
4 74 76 0
5 77 77 0
6 78 79 0
7 80 99 0
8 0 99 0
9 0 99 0
10 0 63 0
11 64 85 0
12 86 99 0
13 0 16 0
14 17 17 0
15 18 19 0
16 20 99 0
17 0 85 0
18 86 86 0
19 87 99 0
20 0 2 0
21 3 5 0
22 6 7 0
23 8 99 0
24 0 99 0
25 0 65 0
26 66 66 0
27 67 67 0
28 68 87 0
29 88 88 0
30 89 93 0
31 94 94 0
32 95 95 0
33 96 97 0
34 98 98 0
35 99 99 0
36 0 99 0
37 0 54 0
38 55 67 0
39 68 79 0
40 80 84 0
41 85 90 0
42 91 91 0
43 92 92 0
44 93 97 0
45 98 98 0
46 99 99 0
47 0 22 0
48 23 99 0
49 0 99 0
50 0 99 0
51 0 99 0
52 0 99 0
53 0 99 0
54 0 30 0
55 31 43 0
56 44 44 0
57 45 45 0
58 46 53 0
59 54 54 0
60 55 55 0
61 56 56 0
62 57 57 0
63 58 58 0
64 59 75 0
65 76 76 0
66 77 79 0
67 80 94 0
68 95 96 0
69 97 97 0
70 98 99 0
71 0 99 0
72 0 61 0
73 62 62 0
74 63 65 0
75 66 76 0
76 77 99 0
77 0 3 0
78 4 4 0
79 5 5 0
80 6 31 0
81 32 99 0
82 0 1 0
83 2 17 0
84 18 39 0
85 40 99 0
86 0 99 0
87 0 2 0
88 3 17 0
89 18 18 0
90 19 19 0
91 20 20 0
92 21 21 0
93 22 62 0
94 63 66 0
95 67 67 0
96 68 68 0
97 69 82 0
98 83 87 0
99 88 90 0
100 91 99 0
101 0 8 0
102 9 9 0
103 10 10 0
104 11 12 0
105 13 13 0
106 14 17 0
107 18 25 0
108 26 26 0
109 27 27 0
110 28 35 0
111 36 36 0
112 37 41 0
113 42 44 0
114 45 53 0
115 54 54 0
116 55 55 0
117 56 57 0
118 58 58 0
119 59 59 0
120 60 61 0
121 62 62 0
122 63 65 0
123 66 66 0
124 67 71 0
125 72 74 0
126 75 85 0
127 86 89 0
128 90 90 0
129 91 93 0
130 94 99 0
131 0 55 0
132 56 56 0
133 57 99 0
134 0 99 0
135 0 99 0
136 0 99 0
137 0 99 0
138 0 68 0
139 69 69 0
140 70 92 0
141 93 99 0
142 0 69 0
143 70 74 0
144 75 76 0
145 77 78 0
146 79 81 0
147 82 92 0
148 93 93 0
149 94 99 0
150 0 99 0
151 0 99 0
152 0 99 0
153 0 13 0
154 14 15 0
155 16 35 0
156 36 59 0
157 60 64 0
158 65 65 0
159 66 75 0
160 76 99 0
161 0 99 0
162 0 99 0
163 0 99 0
164 0 99 0
165 0 69 0
166 70 71 0
167 72 73 0
168 74 99 0
169 0 15 0
170 16 20 0
171 21 21 0
172 22 99 0
173 0 99 0
174 0 99 0
175 0 99 0
176 0 50 0
177 51 69 0
178 70 70 0
179 71 99 0
180 0 67 0
181 68 70 0
182 71 71 0
183 72 79 0
184 80 99 0
185 0 99 0
186 0 99 0
187 0 99 0
188 0 99 0
189 0 15 0
190 16 16 0
191 17 17 0
192 18 18 0
193 19 26 0
194 27 66 0
195 67 99 0
196 0 17 0
197 18 23 0
198 24 58 0
199 59 70 0
200 71 99 0
201 0 99 0
202 0 99 0
203 0 99 0
204 0 99 0
205 0 99 0
206 0 4 0
207 5 11 0
208 12 14 0
209 15 16 0
210 17 36 0
211 37 37 0
212 38 38 0
213 39 43 0
214 44 46 0
215 47 47 0
216 48 58 0
217 59 99 0
218 0 99 0
219 0 78 0
220 79 79 0
221 80 83 0
222 84 88 0
223 89 89 0
224 90 90 0
225 91 92 0
226 93 94 0
227 95 97 0
228 98 99 0
229 0 11 0
230 12 29 0
231 30 36 0
232 37 45 0
233 46 46 0
234 47 56 0
235 57 99 0
236 0 26 0
237 27 27 0
238 28 56 0
239 57 57 0
240 58 80 0
241 81 82 0
242 83 99 0
243 0 12 0
244 13 13 0
245 14 16 0
246 17 99 0
247 0 0 0
248 1 2 0
249 3 47 0
250 48 51 0
251 52 52 0
252 53 99 0
253 0 99 0
254 0 7 0
255 8 10 0
256 11 12 0
257 13 13 0
258 14 14 0
259 15 32 0
260 33 35 0
261 36 45 0
262 46 46 0
263 47 47 0
264 48 48 0
265 49 49 0
266 50 58 0
267 59 68 0
268 69 69 0
269 70 89 0
270 90 97 0
271 98 99 0
272 0 14 0
273 15 99 0
274 0 99 0
275 0 99 0
276 0 2 0
277 3 10 0
278 11 12 0
279 13 14 0
280 15 15 0
281 16 73 0
282 74 99 0
283 0 99 0
284 0 99 0
285 0 99 0
286 0 99 0
287 0 99 0
288 0 99 0
289 0 99 0
290 0 8 0
291 9 50 0
292 51 99 0
293 0 99 0
294 0 99 0
295 0 99 0
296 0 99 0
297 0 61 0
298 62 63 0
299 64 71 0
300 72 72 0
301 73 99 0
302 0 99 0
303 0 29 0
304 30 31 0
305 32 32 0
306 33 36 0
307 37 39 0
308 40 53 0
309 54 54 0
310 55 55 0
311 56 57 0
312 58 74 0
313 75 76 0
314 77 85 0
315 86 86 0
316 87 89 0
317 90 90 0
318 91 98 0
319 99 99 0
320 0 99 0
321 0 78 0
322 79 79 0
323 80 85 0
324 86 88 0
325 89 93 0
326 94 94 0
327 95 95 0
328 96 96 0
329 97 99 0
330 0 99 0
331 0 41 0
332 42 42 0
333 43 43 0
334 44 44 0
335 45 48 0
336 49 55 0
337 56 58 0
338 59 73 0
339 74 76 0
340 77 77 0
341 78 78 0
342 79 99 0
343 0 99 0
344 0 15 0
345 16 16 0
346 17 99 0
347 0 99 0
348 0 99 0
349 0 88 0
350 89 94 0
351 95 97 0
352 98 99 0
353 0 99 0
354 0 6 0
355 7 7 0
356 8 9 0
357 10 17 0
358 18 27 0
359 28 28 0
360 29 30 0
361 31 32 0
362 33 33 0
363 34 35 0
364 36 42 0
365 43 58 0
366 59 71 0
367 72 73 0
368 74 74 0
369 75 99 0
370 0 99 0
371 0 99 0
372 0 99 0
373 0 7 0
374 8 8 0
375 9 10 0
376 11 12 0
377 13 20 0
378 21 21 0
379 22 28 0
380 29 30 0
381 31 33 0
382 34 34 0
383 35 35 0
384 36 41 0
385 42 47 0
386 48 99 0
387 0 99 0
388 0 75 0
389 76 76 0
390 77 78 0
391 79 79 0
392 80 99 0
393 0 99 0
394 0 14 0
395 15 15 0
396 16 16 0
397 17 17 0
398 18 18 0
399 19 20 0
400 21 22 0
401 23 23 0
402 24 24 0
403 25 26 0
404 27 33 0
405 34 38 0
406 39 44 0
407 45 45 0
408 46 99 0
409 0 99 0
410 0 99 0
411 0 14 0
412 15 21 0
413 22 23 0
414 24 29 0
415 30 35 0
416 36 40 0
417 41 89 0
418 90 97 0
419 98 99 0
420 0 99 0
421 0 99 0
422 0 83 0
423 84 84 0
424 85 99 0
425 0 11 0
426 12 12 0
427 13 18 0
428 19 43 0
429 44 51 0
430 52 57 0
431 58 68 0
432 69 69 0
433 70 70 0
434 71 73 0
435 74 74 0
436 75 76 0
437 77 99 0
438 0 99 0
439 0 99 0
440 0 57 0
441 58 68 0
442 69 73 0
443 74 74 0
444 75 76 0
445 77 78 0
446 79 81 0
447 82 98 0
448 99 99 0
449 0 99 0
450 0 99 0
451 0 4 0
452 5 83 0
453 84 84 0
454 85 85 0
455 86 88 0
456 89 89 0
457 90 99 0
458 0 99 0
459 0 99 0
460 0 99 0
461 0 99 0
462 0 99 0
463 0 99 0
464 0 32 0
465 33 33 0
466 34 40 0
467 41 41 0
468 42 49 0
469 50 52 0
470 53 53 0
471 54 55 0
472 56 59 0
473 60 62 0
474 63 81 0
475 82 99 0
476 0 99 0
477 0 99 0
478 0 54 0
479 55 55 0
480 56 58 0
481 59 73 0
482 74 99 0
483 0 99 0
484 0 99 0
485 0 77 0
486 78 99 0
487 0 0 0
488 1 9 0
489 10 11 0
490 12 17 0
491 18 18 0
492 19 19 0
493 20 25 0
494 26 27 0
495 28 29 0
496 30 38 0
497 39 39 0
498 40 40 0
499 41 43 0
500 44 45 0
501 46 50 0
502 51 53 0
503 54 99 0
504 0 74 0
505 75 75 0
506 76 77 0
507 78 79 0
508 80 93 0
509 94 94 0
510 95 99 0
511 0 33 0
512 34 99 0
513 0 6 0
514 7 8 0
515 9 12 0
516 13 13 0
517 14 14 0
518 15 15 0
519 16 16 0
520 17 17 0
521 18 40 0
522 41 41 0
523 42 43 0
524 44 45 0
525 46 46 0
526 47 47 0
527 48 99 0
528 0 8 0
529 9 51 0
530 52 53 0
531 54 68 0
532 69 99 0
533 0 1 0
534 2 3 0
535 4 13 0
536 14 14 0
537 15 23 0
538 24 24 0
539 25 25 0
540 26 29 0
541 30 31 0
542 32 67 0
543 68 68 0
544 69 99 0
545 0 7 0
546 8 99 0
547 0 14 0
548 15 99 0
549 0 99 0
550 0 82 0
551 83 89 0
552 90 91 0
553 92 92 0
554 93 94 0
555 95 96 0
556 97 99 0
557 0 99 0
558 0 99 0
559 0 1 0
560 2 3 0
561 4 5 0
562 6 7 0
563 8 11 0
564 12 33 0
565 34 44 0
566 45 50 0
567 51 52 0
568 53 99 0
569 0 99 0
570 0 12 0
571 13 13 0
572 14 66 0
573 67 67 0
574 68 68 0
575 69 86 0
576 87 97 0
577 98 98 0
578 99 99 0
579 0 99 0
580 0 99 0
581 0 99 0
582 0 22 0
583 23 99 0
584 0 51 0
585 52 70 0
586 71 71 0
587 72 75 0
588 76 76 0
589 77 79 0
590 80 81 0
591 82 83 0
592 84 84 0
593 85 86 0
594 87 99 0
595 0 99 0
596 0 99 0
597 0 46 0
598 47 49 0
599 50 50 0
600 51 68 0
601 69 69 0
602 70 70 0
603 71 73 0
604 74 74 0
605 75 83 0
606 84 91 0
607 92 97 0
608 98 98 0
609 99 99 0
610 0 58 0
611 59 60 0
612 61 99 0
613 0 2 0
614 3 18 0
615 19 19 0
616 20 38 0
617 39 39 0
618 40 41 0
619 42 43 0
620 44 50 0
621 51 53 0
622 54 99 0
623 0 99 0
624 0 81 0
625 82 97 0
626 98 98 0
627 99 99 0
628 0 25 0
629 26 27 0
630 28 33 0
631 34 60 0
632 61 62 0
633 63 88 0
634 89 99 0
635 0 78 0
636 79 99 0
637 0 36 0
638 37 39 0
639 40 61 0
640 62 62 0
641 63 99 0
642 0 3 0
643 4 5 0
644 6 6 0
645 7 15 0
646 16 22 0
647 23 99 0
648 0 44 0
649 45 46 0
650 47 50 0
651 51 52 0
652 53 54 0
653 55 61 0
654 62 99 0
655 0 20 0
656 21 22 0
657 23 56 0
658 57 57 0
659 58 70 0
660 71 71 0
661 72 90 0
662 91 91 0
663 92 96 0
664 97 97 0
665 98 99 0
666 0 99 0
667 0 28 0
668 29 29 0
669 30 33 0
670 34 44 0
671 45 59 0
672 60 60 0
673 61 61 0
674 62 65 0
675 66 74 0
676 75 86 0
677 87 89 0
678 90 91 0
679 92 94 0
680 95 95 0
681 96 98 0
682 99 99 0
683 0 99 0
684 0 99 0
685 0 74 0
686 75 78 0
687 79 79 0
688 80 81 0
689 82 93 0
690 94 97 0
691 98 99 0
692 0 99 0
693 0 16 0
694 17 17 0
695 18 18 0
696 19 59 0
697 60 62 0
698 63 64 0
699 65 72 0
700 73 97 0
701 98 99 0
702 0 99 0
703 0 99 0
704 0 51 0
705 52 52 0
706 53 63 0
707 64 77 0
708 78 87 0
709 88 88 0
710 89 90 0
711 91 99 0
712 0 13 0
713 14 99 0
714 0 17 0
715 18 20 0
716 21 58 0
717 59 99 0
718 0 3 0
719 4 16 0
720 17 17 0
721 18 18 0
722 19 19 0
723 20 25 0
724 26 26 0
725 27 99 0
726 0 58 0
727 59 59 0
728 60 60 0
729 61 99 0
730 0 41 0
731 42 43 0
732 44 44 0
733 45 46 0
734 47 50 0
735 51 56 0
736 57 58 0
737 59 59 0
738 60 61 0
739 62 87 0
740 88 88 0
741 89 95 0
742 96 97 0
743 98 99 0
744 0 42 0
745 43 56 0
746 57 62 0
747 63 93 0
748 94 94 0
749 95 99 0
750 0 35 0
751 36 39 0
752 40 40 0
753 41 46 0
754 47 51 0
755 52 55 0
756 56 99 0
757 0 73 0
758 74 99 0
759 0 70 0
760 71 71 0
761 72 99 0
762 0 24 0
763 25 29 0
764 30 59 0
765 60 99 0
766 0 99 0
767 0 99 0
768 0 99 0
769 0 90 0
770 91 91 0
771 92 93 0
772 94 99 0
773 0 5 0
774 6 6 0
775 7 99 0
776 0 99 0
777 0 52 0
778 53 59 0
779 60 63 0
780 64 65 0
781 66 99 0
782 0 99 0
783 0 99 0
784 0 1 0
785 2 10 0
786 11 60 0
787 61 62 0
788 63 63 0
789 64 99 0
790 0 99 0
791 0 99 0
792 0 2 0
793 3 3 0
794 4 4 0
795 5 11 0
796 12 33 0
797 34 34 0
798 35 35 0
799 36 36 0
800 37 37 0
801 38 49 0
802 50 99 0
803 0 99 0
804 0 82 0
805 83 84 0
806 85 99 0
807 0 99 0
808 0 99 0
809 0 99 0
810 0 99 0
811 0 99 0
812 0 99 0
813 0 99 0
814 0 99 0
815 0 99 0
816 0 0 0
817 1 3 0
818 4 5 0
819 6 6 0
820 7 15 0
821 16 16 0
822 17 26 0
823 27 33 0
824 34 35 0
825 36 54 0
826 55 55 0
827 56 56 0
828 57 95 0
829 96 96 0
830 97 97 0
831 98 99 0
832 0 99 0
833 0 43 0
834 44 47 0
835 48 50 0
836 51 99 0
837 0 99 0
838 0 99 0
839 0 10 0
840 11 12 0
841 13 21 0
842 22 27 0
843 28 32 0
844 33 33 0
845 34 38 0
846 39 99 0
847 0 99 0
848 0 99 0
849 0 13 0
850 14 99 0
851 0 24 0
852 25 25 0
853 26 43 0
854 44 46 0
855 47 49 0
856 50 74 0
857 75 75 0
858 76 83 0
859 84 99 0
860 0 9 0
861 10 11 0
862 12 13 0
863 14 14 0
864 15 15 0
865 16 17 0
866 18 19 0
867 20 20 0
868 21 98 0
869 99 99 0
870 0 99 0
871 0 22 0
872 23 23 0
873 24 30 0
874 31 31 0
875 32 47 0
876 48 99 0
877 0 99 0
878 0 99 0
879 0 71 0
880 72 91 0
881 92 99 0
882 0 99 0
883 0 99 0
884 0 99 0
885 0 83 0
886 84 86 0
887 87 91 0
888 92 92 0
889 93 95 0
890 96 96 0
891 97 99 0
892 0 78 0
893 79 99 0
894 0 99 0
895 0 99 0
896 0 1 0
897 2 3 0
898 4 5 0
899 6 13 0
900 14 99 0
901 0 3 0
902 4 9 0
903 10 10 0
904 11 14 0
905 15 53 0
906 54 56 0
907 57 61 0
908 62 62 0
909 63 99 0
910 0 99 0
911 0 99 0
912 0 99 0
913 0 1 0
914 2 26 0
915 27 28 0
916 29 99 0
917 0 99 0
918 0 99 0
919 0 99 0
920 0 86 0
921 87 99 0
922 0 67 0
923 68 68 0
924 69 70 0
925 71 73 0
926 74 75 0
927 76 76 0
928 77 90 0
929 91 93 0
930 94 97 0
931 98 98 0
932 99 99 0
933 0 6 0
934 7 7 0
935 8 8 0
936 9 14 0
937 15 80 0
938 81 81 0
939 82 85 0
940 86 87 0
941 88 95 0
942 96 99 0
943 0 99 0
944 0 99 0
945 0 99 0
946 0 99 0
947 0 57 0
948 58 58 0
949 59 59 0
950 60 99 0
951 0 99 0
952 0 40 0
953 41 73 0
954 74 74 0
955 75 84 0
956 85 99 0
957 0 99 0
958 0 3 0
959 4 21 0
960 22 99 0
961 0 99 0
962 0 85 0
963 86 87 0
964 88 94 0
965 95 95 0
966 96 97 0
967 98 99 0
968 0 1 0
969 2 7 0
970 8 10 0
971 11 24 0
972 25 32 0
973 33 33 0
974 34 36 0
975 37 40 0
976 41 99 0
977 0 99 0
978 0 4 0
979 5 5 0
980 6 6 0
981 7 9 0
982 10 16 0
983 17 45 0
984 46 99 0
985 0 99 0
986 0 82 0
987 83 83 0
988 84 99 0
989 0 7 0
990 8 16 0
991 17 43 0
992 44 44 0
993 45 46 0
994 47 62 0
995 63 63 0
996 64 68 0
997 69 71 0
998 72 76 0
999 77 80 0
1000 81 81 0
1001 82 85 0
1002 86 99 0
1003 0 28 0
1004 29 30 0
1005 31 42 0
1006 43 63 0
1007 64 68 0
1008 69 72 0
1009 73 99 0
1010 0 99 0
1011 0 99 0
1012 0 35 0
1013 36 38 0
1014 39 49 0
1015 50 53 0
1016 54 65 0
1017 66 66 0
1018 67 75 0
1019 76 76 0
1020 77 78 0
1021 79 79 0
1022 80 80 0
1023 81 81 0
1024 82 84 0
1025 85 88 0
1026 89 90 0
1027 91 91 0
1028 92 99 0
1029 0 97 0
1030 98 98 0
1031 99 99 0
1032 0 99 0
1033 0 99 0
1034 0 30 0
1035 31 31 0
1036 32 32 0
1037 33 34 0
1038 35 35 0
1039 36 36 0
1040 37 38 0
1041 39 39 0
1042 40 41 0
1043 42 42 0
1044 43 44 0
1045 45 99 0
1046 0 0 0
1047 1 3 0
1048 4 4 0
1049 5 5 0
1050 6 11 0
1051 12 12 0
1052 13 18 0
1053 19 19 0
1054 20 39 0
1055 40 40 0
1056 41 43 0
1057 44 45 0
1058 46 99 0
1059 0 99 0
1060 0 99 0
1061 0 57 0
1062 58 58 0
1063 59 59 0
1064 60 76 0
1065 77 81 0
1066 82 99 0
1067 0 28 0
1068 29 34 0
1069 35 38 0
1070 39 42 0
1071 43 47 0
1072 48 49 0
1073 50 50 0
1074 51 51 0
1075 52 54 0
1076 55 60 0
1077 61 68 0
1078 69 69 0
1079 70 99 0
1080 0 0 0
1081 1 1 0
1082 2 2 0
1083 3 3 0
1084 4 52 0
1085 53 99 0
1086 0 92 0
1087 93 96 0
1088 97 97 0
1089 98 99 0
1090 0 39 0
1091 40 40 0
1092 41 41 0
1093 42 43 0
1094 44 44 0
1095 45 74 0
1096 75 81 0
1097 82 82 0
1098 83 94 0
1099 95 95 0
1100 96 96 0
1101 97 99 0
1102 0 99 0
1103 0 99 0
1104 0 99 0
1105 0 66 0
1106 67 68 0
1107 69 79 0
1108 80 80 0
1109 81 81 0
1110 82 99 0
1111 0 99 0
1112 0 99 0
1113 0 99 0
1114 0 37 0
1115 38 99 0
1116 0 99 0
1117 0 6 0
1118 7 26 0
1119 27 99 0
1120 0 99 0
1121 0 99 0
1122 0 9 0
1123 10 11 0
1124 12 12 0
1125 13 15 0
1126 16 17 0
1127 18 32 0
1128 33 99 0
1129 0 99 0
1130 0 22 0
1131 23 23 0
1132 24 28 0
1133 29 37 0
1134 38 47 0
1135 48 48 0
1136 49 50 0
1137 51 53 0
1138 54 54 0
1139 55 56 0
1140 57 99 0
1141 0 99 0
1142 0 99 0
1143 0 11 0
1144 12 24 0
1145 25 25 0
1146 26 26 0
1147 27 27 0
1148 28 75 0
1149 76 78 0
1150 79 99 0
1151 0 99 0
1152 0 99 0
1153 0 0 0
1154 1 8 0
1155 9 11 0
1156 12 12 0
1157 13 16 0
1158 17 18 0
1159 19 19 0
1160 20 20 0
1161 21 21 0
1162 22 79 0
1163 80 80 0
1164 81 97 0
1165 98 99 0
1166 0 99 0
1167 0 35 0
1168 36 36 0
1169 37 37 0
1170 38 39 0
1171 40 43 0
1172 44 44 0
1173 45 52 0
1174 53 53 0
1175 54 99 0
1176 0 69 0
1177 70 75 0
1178 76 76 0
1179 77 79 0
1180 80 85 0
1181 86 99 0
1182 0 99 0
1183 0 99 0
1184 0 99 0
1185 0 38 0
1186 39 41 0
1187 42 48 0
1188 49 49 0
1189 50 55 0
1190 56 57 0
1191 58 58 0
1192 59 59 0
1193 60 60 0
1194 61 61 0
1195 62 64 0
1196 65 65 0
1197 66 66 0
1198 67 71 0
1199 72 77 0
1200 78 78 0
1201 79 79 0
1202 80 86 0
1203 87 88 0
1204 89 99 0
1205 0 73 0
1206 74 87 0
1207 88 88 0
1208 89 89 0
1209 90 97 0
1210 98 99 0
1211 0 34 0
1212 35 40 0
1213 41 41 0
1214 42 99 0
1215 0 17 0
1216 18 18 0
1217 19 20 0
1218 21 21 0
1219 22 99 0
1220 0 0 0
1221 1 2 0
1222 3 5 0
1223 6 11 0
1224 12 12 0
1225 13 13 0
1226 14 15 0
1227 16 19 0
1228 20 22 0
1229 23 50 0
1230 51 99 0
1231 0 99 0
1232 0 74 0
1233 75 75 0
1234 76 91 0
1235 92 92 0
1236 93 93 0
1237 94 94 0
1238 95 99 0
1239 0 99 0
1240 0 23 0
1241 24 27 0
1242 28 99 0
1243 0 10 0
1244 11 11 0
1245 12 12 0
1246 13 32 0
1247 33 33 0
1248 34 36 0
1249 37 37 0
1250 38 99 0
1251 0 2 0
1252 3 18 0
1253 19 33 0
1254 34 34 0
1255 35 61 0
1256 62 82 0
1257 83 83 0
1258 84 84 0
1259 85 99 0
1260 0 7 0
1261 8 9 0
1262 10 11 0
1263 12 12 0
1264 13 42 0
1265 43 45 0
1266 46 50 0
1267 51 51 0
1268 52 56 0
1269 57 59 0
1270 60 61 0
1271 62 75 0
1272 76 77 0
1273 78 78 0
1274 79 84 0
1275 85 86 0
1276 87 87 0
1277 88 88 0
1278 89 99 0
1279 0 99 0
1280 0 5 0
1281 6 6 0
1282 7 79 0
1283 80 84 0
1284 85 85 0
1285 86 86 0
1286 87 87 0
1287 88 91 0
1288 92 92 0
1289 93 93 0
1290 94 95 0
1291 96 99 0
1292 0 99 0
1293 0 17 0
1294 18 19 0
1295 20 21 0
1296 22 99 0
1297 0 99 0
1298 0 99 0
1299 0 99 0
1300 0 99 0
1301 0 49 0
1302 50 53 0
1303 54 54 0
1304 55 56 0
1305 57 60 0
1306 61 61 0
1307 62 99 0
1308 0 46 0
1309 47 48 0
1310 49 66 0
1311 67 67 0
1312 68 70 0
1313 71 71 0
1314 72 99 0
1315 0 3 0
1316 4 37 0
1317 38 38 0
1318 39 70 0
1319 71 72 0
1320 73 79 0
1321 80 80 0
1322 81 88 0
1323 89 89 0
1324 90 99 0
1325 0 99 0
1326 0 24 0
1327 25 25 0
1328 26 30 0
1329 31 99 0
1330 0 99 0
1331 0 89 0
1332 90 99 0
1333 0 5 0
1334 6 6 0
1335 7 28 0
1336 29 29 0
1337 30 30 0
1338 31 32 0
1339 33 99 0
1340 0 95 0
1341 96 99 0
1342 0 99 0
1343 0 99 0
1344 0 99 0
1345 0 77 0
1346 78 79 0
1347 80 89 0
1348 90 98 0
1349 99 99 0
1350 0 99 0
1351 0 19 0
1352 20 21 0
1353 22 22 0
1354 23 28 0
1355 29 29 0
1356 30 36 0
1357 37 40 0
1358 41 41 0
1359 42 99 0
1360 0 99 0
1361 0 19 0
1362 20 20 0
1363 21 27 0
1364 28 35 0
1365 36 36 0
1366 37 43 0
1367 44 99 0
1368 0 33 0
1369 34 34 0
1370 35 40 0
1371 41 99 0
1372 0 99 0
1373 0 99 0
1374 0 99 0
1375 0 27 0
1376 28 42 0
1377 43 49 0
1378 50 99 0
1379 0 99 0
1380 0 99 0
1381 0 99 0
1382 0 35 0
1383 36 36 0
1384 37 37 0
1385 38 52 0
1386 53 57 0
1387 58 99 0
1388 0 99 0
1389 0 1 0
1390 2 4 0
1391 5 6 0
1392 7 15 0
1393 16 19 0
1394 20 25 0
1395 26 30 0
1396 31 32 0
1397 33 87 0
1398 88 88 0
1399 89 89 0
1400 90 93 0
1401 94 94 0
1402 95 95 0
1403 96 99 0
1404 0 72 0
1405 73 82 0
1406 83 99 0
1407 0 72 0
1408 73 99 0
1409 0 99 0
1410 0 73 0
1411 74 74 0
1412 75 91 0
1413 92 92 0
1414 93 99 0
1415 0 99 0
1416 0 99 0
1417 0 36 0
1418 37 37 0
1419 38 42 0
1420 43 43 0
1421 44 44 0
1422 45 46 0
1423 47 50 0
1424 51 78 0
1425 79 81 0
1426 82 95 0
1427 96 97 0
1428 98 99 0
1429 0 99 0
1430 0 99 0
1431 0 6 0
1432 7 16 0
1433 17 18 0
1434 19 99 0
1435 0 99 0
1436 0 29 0
1437 30 31 0
1438 32 32 0
1439 33 35 0
1440 36 49 0
1441 50 64 0
1442 65 65 0
1443 66 66 0
1444 67 73 0
1445 74 77 0
1446 78 99 0
1447 0 99 0
1448 0 99 0
1449 0 80 0
1450 81 82 0
1451 83 99 0
1452 0 99 0
1453 0 63 0
1454 64 67 0
1455 68 99 0
1456 0 99 0
1457 0 39 0
1458 40 40 0
1459 41 43 0
1460 44 49 0
1461 50 53 0
1462 54 99 0
1463 0 99 0
1464 0 16 0
1465 17 25 0
1466 26 50 0
1467 51 99 0
1468 0 99 0
1469 0 57 0
1470 58 60 0
1471 61 62 0
1472 63 63 0
1473 64 65 0
1474 66 66 0
1475 67 75 0
1476 76 96 0
1477 97 99 0
1478 0 45 0
1479 46 46 0
1480 47 49 0
1481 50 54 0
1482 55 55 0
1483 56 57 0
1484 58 58 0
1485 59 63 0
1486 64 70 0
1487 71 84 0
1488 85 87 0
1489 88 88 0
1490 89 91 0
1491 92 99 0
1492 0 99 0
1493 0 45 0
1494 46 49 0
1495 50 50 0
1496 51 51 0
1497 52 52 0
1498 53 55 0
1499 56 56 0
1500 57 60 0
1501 61 62 0
1502 63 63 0
1503 64 99 0
1504 0 99 0
1505 0 3 0
1506 4 5 0
1507 6 29 0
1508 30 30 0
1509 31 31 0
1510 32 76 0
1511 77 88 0
1512 89 89 0
1513 90 90 0
1514 91 99 0
1515 0 24 0
1516 25 25 0
1517 26 32 0
1518 33 33 0
1519 34 34 0
1520 35 39 0
1521 40 40 0
1522 41 42 0
1523 43 43 0
1524 44 47 0
1525 48 54 0
1526 55 58 0
1527 59 59 0
1528 60 60 0
1529 61 67 0
1530 68 68 0
1531 69 70 0
1532 71 74 0
1533 75 77 0
1534 78 79 0
1535 80 80 0
1536 81 81 0
1537 82 82 0
1538 83 87 0
1539 88 99 0
1540 0 39 0
1541 40 60 0
1542 61 61 0
1543 62 63 0
1544 64 65 0
1545 66 71 0
1546 72 99 0
1547 0 99 0
1548 0 99 0
1549 0 99 0
1550 0 99 0
1551 0 68 0
1552 69 70 0
1553 71 74 0
1554 75 76 0
1555 77 82 0
1556 83 87 0
1557 88 89 0
1558 90 92 0
1559 93 93 0
1560 94 96 0
1561 97 99 0
1562 0 99 0
1563 0 99 0
1564 0 1 0
1565 2 2 0
1566 3 12 0
1567 13 13 0
1568 14 19 0
1569 20 21 0
1570 22 23 0
1571 24 25 0
1572 26 99 0
1573 0 99 0
1574 0 16 0
1575 17 20 0
1576 21 21 0
1577 22 23 0
1578 24 24 0
1579 25 25 0
1580 26 26 0
1581 27 33 0
1582 34 51 0
1583 52 52 0
1584 53 56 0
1585 57 66 0
1586 67 99 0
1587 0 99 0
1588 0 0 0
1589 1 56 0
1590 57 57 0
1591 58 65 0
1592 66 69 0
1593 70 72 0
1594 73 74 0
1595 75 85 0
1596 86 88 0
1597 89 94 0
1598 95 98 0
1599 99 99 0
1600 0 7 0
1601 8 8 0
1602 9 29 0
1603 30 34 0
1604 35 36 0
1605 37 37 0
1606 38 38 0
1607 39 41 0
1608 42 43 0
1609 44 45 0
1610 46 52 0
1611 53 56 0
1612 57 58 0
1613 59 63 0
1614 64 99 0
1615 0 3 0
1616 4 5 0
1617 6 9 0
1618 10 14 0
1619 15 16 0
1620 17 17 0
1621 18 18 0
1622 19 19 0
1623 20 23 0
1624 24 24 0
1625 25 25 0
1626 26 26 0
1627 27 27 0
1628 28 28 0
1629 29 29 0
1630 30 30 0
1631 31 50 0
1632 51 51 0
1633 52 53 0
1634 54 54 0
1635 55 59 0
1636 60 60 0
1637 61 62 0
1638 63 64 0
1639 65 67 0
1640 68 72 0
1641 73 74 0
1642 75 75 0
1643 76 89 0
1644 90 90 0
1645 91 99 0
1646 0 9 0
1647 10 10 0
1648 11 24 0
1649 25 45 0
1650 46 69 0
1651 70 70 0
1652 71 99 0
1653 0 99 0
1654 0 19 0
1655 20 43 0
1656 44 99 0
1657 0 99 0
