15 0 0 0
16 0 7 0
17 1 1 0
18 0 5 0
19 0 4 0
20 0 1 0
21 1 1 0
22 0 0 0
23 1 6 0
25 0 3 0
26 0 4 0
27 0 2 0
28 0 0 0
29 0 2 0
30 0 7 0
31 0 0 0
32 0 8 0
33 1 1 0
34 0 6 0
35 0 2 0
36 0 4 0
37 0 2 0
38 0 8 0
39 0 6 0
40 0 4 0
41 0 1 0
42 0 7 0
43 0 0 0
45 0 0 0
46 0 0 0
47 0 1 0
48 0 2 0
49 0 8 0
50 0 5 0
51 0 0 0
52 0 5 0
53 0 5 0
54 0 8 0
56 0 5 0
57 0 0 0
58 0 0 0
59 0 1 0
60 0 5 0
61 0 8 0
62 0 3 0
63 0 8 0
64 0 3 0
65 0 3 0
67 0 4 0
68 0 0 0
69 0 0 0
70 0 5 0
71 0 3 0
72 0 6 0
73 0 3 0
75 0 2 0
76 0 6 0
77 0 3 0
78 0 1 0
79 0 4 0
80 0 0 0
81 0 4 0
82 0 3 0
83 0 2 0
84 0 1 0
85 0 0 0
87 0 8 0
88 0 7 0
89 0 6 0
90 0 2 0
91 0 0 0
92 0 7 0
93 0 2 0
94 0 5 0
95 0 4 0
96 0 3 0
97 0 5 0
98 0 3 0
99 0 0 0
100 0 0 0
101 0 4 0
102 0 3 0
104 0 1 0
105 0 3 0
106 0 1 0
107 0 6 0
108 0 0 0
110 0 2 0
111 0 1 0
112 0 5 0
113 0 3 0
114 0 6 0
115 0 0 0
116 0 5 0
117 0 0 0
118 0 0 0
119 0 5 0
120 0 0 0
121 0 3 0
122 0 1 0
123 0 10 0
124 0 0 0
125 0 7 0
126 0 3 0
127 0 5 0
128 0 6 0
129 0 5 0
130 0 6 0
131 0 7 0
133 0 1 0
134 0 0 0
135 0 5 0
136 0 0 0
137 0 3 0
138 0 4 0
139 0 2 0
140 0 1 0
141 0 2 0
142 0 5 0
143 0 5 0
144 0 7 0
145 0 1 0
146 0 6 0
147 0 6 0
148 0 5 0
149 0 4 0
150 0 6 0
151 0 2 0
152 0 4 0
153 0 4 0
154 0 6 0
155 0 3 0
157 0 6 0
159 0 8 0
160 0 2 0
161 0 6 0
162 0 5 0
163 0 4 0
164 0 7 0
165 0 0 0
166 0 6 0
167 0 0 0
168 0 8 0
169 0 1 0
170 0 4 0
171 0 1 0
172 0 1 0
173 0 3 0
174 0 6 0
175 0 2 0
176 0 1 0
177 0 0 0
178 0 1 0
179 0 2 0
181 0 1 0
182 0 8 0
183 0 2 0
184 0 2 0
185 0 10 0
186 0 2 0
188 0 1 0
190 0 2 0
191 0 6 0
192 0 5 0
193 0 2 0
194 0 0 0
195 0 5 0
196 0 4 0
197 0 4 0
198 0 8 0
200 0 4 0
201 0 8 0
203 0 2 0
204 0 2 0
205 0 1 0
206 0 4 0
207 0 5 0
208 0 8 0
209 0 2 0
210 0 10 0
211 0 5 0
212 0 0 0
213 0 2 0
215 0 1 0
216 0 1 0
217 0 8 0
218 0 0 0
219 0 2 0
220 0 5 0
221 0 1 0
222 0 4 0
223 0 2 0
224 0 1 0
225 0 6 0
226 0 0 0
227 0 0 0
228 0 2 0
229 0 3 0
230 0 7 0
231 0 2 0
232 0 1 0
233 0 1 0
234 0 8 0
235 0 3 0
236 0 0 0
237 0 2 0
238 0 5 0
240 0 5 0
241 0 3 0
242 0 5 0
243 0 2 0
244 0 0 0
245 0 10 0
246 0 3 0
247 0 6 0
248 0 3 0
249 0 3 0
250 0 5 0
251 0 0 0
252 0 0 0
253 0 0 0
254 0 3 0
255 0 3 0
256 0 1 0
257 0 2 0
258 0 6 0
260 0 8 0
261 0 4 0
262 0 0 0
263 0 8 0
264 0 8 0
265 0 2 0
266 0 3 0
267 0 1 0
268 0 2 0
269 0 6 0
270 0 7 0
271 0 4 0
272 0 10 0
273 0 0 0
274 0 8 0
275 0 1 0
276 0 1 0
277 0 2 0
279 0 0 0
280 0 0 0
282 0 2 0
283 0 0 0
284 0 6 0
285 0 6 0
286 0 5 0
287 0 5 0
288 0 3 0
289 0 10 0
290 0 6 0
291 0 6 0
292 0 8 0
293 0 6 0
294 0 0 0
295 0 1 0
296 0 1 0
297 0 5 0
298 0 0 0
299 0 0 0
301 0 4 0
302 0 0 0
303 0 0 0
304 0 4 0
305 0 0 0
306 0 5 0
307 0 3 0
308 0 4 0
309 0 4 0
310 0 8 0
311 0 0 0
312 0 10 0
313 0 2 0
314 0 8 0
315 0 0 0
316 0 8 0
317 0 0 0
318 0 8 0
319 0 1 0
320 0 0 0
321 0 2 0
322 0 3 0
323 0 3 0
324 0 2 0
325 0 8 0
326 0 8 0
328 0 10 0
329 0 1 0
330 0 1 0
331 0 8 0
332 0 10 0
333 0 0 0
334 0 6 0
335 0 14 0
336 0 1 0
338 0 0 0
339 0 5 0
340 0 1 0
341 0 2 0
342 0 1 0
343 0 2 0
344 0 0 0
345 0 6 0
346 0 1 0
348 0 0 0
350 0 0 0
352 0 0 0
356 3 3 0
364 1 4 0
365 1 2 43
366 1 5 43
367 1 7 58
368 1 9 58
370 1 1 0
371 1 7 68
372 1 5 68
373 1 1 69
374 1 10 69
375 1 1 80
376 1 7 80
377 1 4 0
379 1 8 99
380 1 6 99
381 1 4 100
382 1 2 100
383 1 8 115
384 1 8 115
385 1 6 124
386 1 10 124
389 1 4 165
390 1 8 165
391 1 1 167
392 1 2 167
393 1 5 177
394 1 4 177
395 1 8 194
396 1 8 194
397 1 4 226
398 1 7 226
399 1 5 227
400 1 6 227
401 1 6 251
402 1 10 251
403 1 6 253
404 1 1 253
405 1 7 262
406 1 5 262
407 1 6 273
408 1 8 273
409 1 3 0
411 1 2 280
412 2 3 0
413 1 5 283
414 1 8 283
415 1 8 294
416 1 7 294
417 1 7 299
418 1 8 299
419 1 6 302
420 1 4 302
421 1 6 317
422 1 4 317
423 1 5 333
424 1 2 333
429 2 4 21
430 2 6 21
434 2 4 41
435 2 5 41
436 2 4 47
437 2 4 47
438 2 2 84
439 2 8 84
440 2 2 0
442 2 3 104
443 2 3 104
444 2 3 106
445 2 9 106
446 2 5 111
447 2 9 111
450 4 4 0
451 5 6 0
452 2 5 391
453 2 10 172
454 2 5 172
455 2 8 169
456 2 9 169
457 2 9 171
458 2 8 171
459 2 2 176
460 2 8 176
461 2 6 181
462 2 10 181
463 2 8 188
464 2 8 188
468 2 3 205
469 2 8 205
470 2 14 216
471 4 4 0
472 2 10 221
473 2 4 221
474 2 8 224
475 2 4 224
476 2 6 232
477 2 10 232
480 2 3 256
481 2 5 275
482 2 3 275
485 5 6 0
486 2 10 295
487 2 8 295
488 2 8 319
489 2 6 319
491 2 5 330
492 2 6 329
493 2 9 329
494 2 2 336
495 2 5 336
498 2 6 342
501 3 3 0
509 3 10 27
510 3 14 27
511 3 6 37
512 3 10 37
513 3 8 35
514 3 8 35
515 3 6 48
516 3 8 48
517 3 8 75
518 3 8 75
519 3 5 83
520 3 5 83
521 3 5 440
522 3 7 440
525 3 10 90
526 3 10 90
527 3 8 93
528 3 10 93
529 3 6 110
530 3 10 110
531 3 7 151
532 3 9 151
533 3 8 160
534 3 10 160
535 3 10 183
536 3 8 183
537 3 10 186
538 3 8 186
539 3 3 0
541 3 5 193
542 3 7 193
543 3 6 203
544 3 7 203
545 3 8 209
546 3 9 209
547 3 6 231
548 3 10 231
549 3 9 223
550 3 10 223
553 3 3 237
554 3 9 237
555 3 10 257
556 3 4 257
557 3 8 265
558 3 5 265
559 3 6 324
560 3 4 324
561 3 3 321
562 3 8 321
563 3 8 313
564 3 8 313
565 3 6 424
566 3 3 424
567 3 7 341
568 3 9 341
569 3 4 343
570 3 3 343
571 3 5 277
572 3 9 277
573 11 14 0
576 4 9 0
578 4 4 25
581 4 10 62
582 4 10 62
585 4 5 77
586 4 5 77
587 4 7 444
588 4 5 444
589 4 10 102
590 4 5 102
591 4 5 113
592 4 4 113
594 4 9 121
595 4 8 137
596 4 10 137
597 4 9 155
598 4 9 155
599 4 8 229
600 4 10 229
601 4 8 248
602 4 10 248
603 4 8 246
604 4 10 246
605 4 10 241
606 4 11 241
607 4 6 254
608 4 5 254
609 4 4 266
610 5 5 0
611 4 8 0
613 4 4 409
614 4 7 409
615 4 6 322
616 4 8 322
617 4 10 323
618 4 6 323
619 4 7 0
621 4 5 356
623 4 10 570
626 5 14 0
627 5 7 578
628 5 5 578
629 5 5 436
630 5 6 436
632 5 7 40
633 5 9 40
634 5 8 437
636 5 8 79
637 5 10 79
638 5 8 95
639 5 10 95
640 5 6 377
642 5 10 101
643 5 10 101
645 5 6 0
647 5 10 149
648 5 9 149
649 5 8 152
650 5 5 152
651 5 8 197
653 5 9 197
654 5 9 200
655 5 9 200
656 5 5 556
657 5 6 556
658 5 10 308
659 5 8 308
660 5 5 422
661 5 6 422
662 7 7 0
667 6 7 0
669 7 7 0
670 6 6 0
671 6 6 0
672 6 10 53
673 6 10 53
674 6 6 372
675 6 6 372
676 6 7 585
677 6 9 585
678 6 6 521
679 6 6 521
680 6 9 97
681 6 6 97
682 6 14 591
683 6 10 591
684 6 14 127
685 6 8 127
686 6 14 142
687 6 13 142
688 6 8 162
689 6 14 162
690 6 8 192
691 6 8 192
692 6 6 195
693 6 14 195
694 6 8 211
695 6 7 211
696 6 10 220
697 6 10 220
698 6 8 238
699 6 10 238
700 6 10 481
701 6 6 481
702 6 8 491
703 6 8 491
704 7 7 630
705 7 12 630
706 7 7 34
707 7 9 34
708 7 11 0
712 7 8 76
713 7 8 76
714 7 7 678
715 7 8 678
716 7 7 640
717 7 9 640
718 7 10 89
719 7 8 89
720 7 10 114
721 7 12 114
722 7 8 380
723 7 9 380
724 7 11 107
725 7 14 107
726 7 11 385
727 7 8 385
728 7 14 147
729 7 9 147
730 7 10 150
731 7 10 150
732 7 10 146
733 7 8 146
734 7 10 166
735 7 9 166
736 7 9 161
737 7 11 161
738 7 10 191
739 7 13 191
740 9 11 0
741 8 9 0
742 7 8 403
743 7 8 403
744 7 10 0
745 7 8 0
746 7 10 247
747 7 14 247
748 7 10 258
749 7 10 258
750 7 8 407
751 7 10 407
753 7 12 485
754 7 14 293
755 7 12 293
756 7 14 284
758 7 10 657
759 7 9 657
760 7 11 285
761 7 11 285
762 7 10 419
763 7 10 419
764 7 10 421
765 7 13 421
766 7 10 559
767 7 14 559
768 7 11 334
769 7 12 334
773 8 8 0
776 8 14 627
778 8 10 706
781 8 11 0
783 8 9 16
784 8 11 632
785 8 14 632
786 8 11 42
787 8 8 42
788 8 10 371
789 8 14 371
790 8 10 376
791 8 11 376
792 8 13 714
793 8 9 714
794 8 10 88
795 8 10 88
796 8 10 531
797 8 13 531
798 8 10 131
799 8 14 131
800 8 14 125
801 8 14 125
802 8 12 144
803 8 14 144
804 8 14 164
805 8 10 164
806 8 12 544
807 8 13 544
808 8 10 230
809 8 10 230
810 8 10 405
811 8 12 405
812 8 13 614
813 8 10 614
816 8 14 270
817 8 12 270
818 8 14 417
819 8 13 417
820 8 9 416
822 8 8 619
823 8 14 619
824 8 9 662
827 9 10 0
829 9 10 0
831 9 9 0
832 9 14 38
833 9 14 38
834 9 10 54
835 9 14 54
836 9 10 49
837 9 13 49
838 9 9 634
839 9 12 634
840 9 9 32
841 9 14 32
842 9 10 516
843 9 14 516
844 9 13 61
845 9 11 61
846 9 12 517
847 9 14 517
849 12 12 0
850 9 10 527
851 9 10 527
852 9 12 379
853 9 12 379
854 9 14 439
855 9 14 439
856 9 14 159
857 9 14 159
858 9 12 649
859 9 14 649
860 9 14 168
861 9 10 168
862 9 12 0
863 9 12 0
864 9 14 458
865 9 14 458
866 9 14 536
867 9 14 536
868 9 14 396
869 9 12 396
870 9 14 395
871 9 12 395
872 9 10 538
873 9 9 538
874 9 14 464
875 9 14 464
876 9 14 694
877 9 11 694
878 9 12 691
879 9 14 691
880 9 14 469
881 9 14 469
882 9 14 208
883 9 12 208
884 9 14 474
885 9 14 474
886 9 12 217
887 9 14 217
888 9 14 260
889 9 14 260
890 9 12 415
891 9 14 415
892 9 11 414
893 9 10 414
894 9 14 292
895 9 14 292
896 9 10 487
897 9 11 487
898 9 14 563
899 9 14 563
900 9 13 488
901 9 14 488
902 9 12 318
903 9 14 318
904 9 9 326
905 9 14 326
906 9 14 310
907 9 14 310
908 9 14 616
909 9 14 616
910 9 14 325
911 9 10 325
912 9 9 703
913 9 10 703
914 9 14 0
915 9 13 0
916 9 10 0
918 9 14 314
919 9 14 314
920 9 10 418
921 9 14 418
923 10 10 0
927 12 12 0
929 10 14 576
930 13 13 0
931 10 14 783
932 10 14 840
933 10 10 840
934 10 14 368
935 10 12 368
936 10 10 793
937 10 10 793
938 10 14 717
939 10 14 717
940 10 14 445
941 10 14 445
942 10 13 447
943 10 14 447
944 10 14 648
946 10 14 532
947 10 12 532
948 10 10 729
949 10 14 729
950 10 14 597
951 10 10 597
952 10 14 457
953 10 14 457
954 10 14 456
955 10 14 456
956 10 14 654
957 10 14 654
958 10 14 546
959 10 14 546
960 10 13 554
961 10 14 554
962 10 14 572
963 10 14 572
964 10 14 912
965 10 10 912
966 10 14 568
968 10 14 0
969 11 11 0
971 12 14 0
973 11 12 0
974 12 14 0
975 11 11 778
976 11 12 827
977 11 14 827
978 11 14 512
979 11 14 512
980 11 14 672
981 11 14 672
982 11 14 582
983 11 14 582
984 11 11 0
986 11 14 842
987 11 14 842
988 11 12 836
989 11 14 836
990 11 12 788
991 11 11 788
992 11 14 581
993 11 14 581
994 11 12 790
995 11 14 790
996 11 14 374
997 11 14 374
998 11 12 718
999 11 14 718
1000 11 11 937
1001 11 14 937
1002 11 12 525
1003 11 12 525
1004 11 14 637
1006 11 14 639
1007 11 14 639
1008 11 14 720
1009 11 14 720
1010 11 14 795
1011 11 14 795
1012 11 13 526
1013 11 14 526
1014 11 14 528
1015 11 14 528
1016 11 14 642
1017 11 13 642
1018 11 11 530
1019 11 11 530
1020 11 14 589
1021 11 14 589
1022 11 11 798
1023 11 11 798
1024 11 14 643
1025 11 14 643
1026 11 13 683
1027 11 12 683
1028 11 14 386
1029 11 14 386
1030 11 14 596
1031 11 14 596
1032 11 12 123
1033 11 14 123
1034 11 14 730
1035 11 14 730
1036 11 12 732
1037 11 14 732
1038 11 14 647
1039 11 14 647
1040 11 14 734
1041 11 14 734
1042 11 14 534
1043 11 14 534
1044 11 14 731
1045 11 14 731
1046 11 12 537
1047 11 14 537
1048 11 13 861
1049 11 14 861
1050 11 14 535
1051 11 14 535
1052 11 14 453
1053 11 13 453
1054 11 11 738
1055 11 12 738
1056 11 14 462
1057 11 12 462
1058 11 13 0
1060 11 14 472
1061 11 14 472
1062 11 14 697
1063 11 14 697
1064 11 14 210
1065 11 14 210
1066 11 14 696
1067 11 14 696
1068 11 14 808
1069 11 14 808
1070 11 14 548
1071 11 14 548
1074 11 14 550
1075 11 14 550
1076 11 14 600
1077 11 14 600
1078 11 14 477
1079 11 14 477
1080 11 14 605
1081 11 14 605
1082 11 14 744
1083 11 14 744
1084 11 14 809
1085 11 14 809
1086 11 14 602
1087 11 14 602
1088 11 14 604
1089 11 14 604
1090 11 14 402
1091 11 14 402
1092 11 13 748
1093 11 14 748
1094 11 14 245
1095 11 14 245
1096 11 14 555
1097 11 14 555
1098 11 13 813
1099 11 14 813
1100 11 14 700
1101 11 14 700
1102 11 14 272
1103 11 14 272
1104 11 14 486
1105 11 14 486
1106 11 14 758
1107 11 14 758
1108 11 14 289
1109 11 14 289
1110 11 13 920
1111 11 11 920
1112 11 14 764
1113 11 11 764
1114 11 14 658
1115 11 14 658
1116 11 14 766
1117 11 14 766
1118 11 13 312
1119 11 14 312
1120 11 14 617
1121 11 14 617
1122 11 14 911
1123 11 14 911
1124 11 14 328
1125 11 14 328
1126 11 14 623
1127 11 14 623
1128 11 14 332
1129 11 13 332
1130 11 12 916
1132 12 14 781
1133 12 14 781
1134 12 13 784
1135 12 13 784
1136 12 14 708
1137 12 14 708
1138 12 12 1000
1139 12 14 1000
1140 12 14 791
1141 12 14 791
1142 12 14 726
1143 12 14 726
1144 12 12 1018
1145 12 14 1018
1146 12 14 760
1147 12 14 760
1148 12 14 761
1149 12 14 761
1150 12 14 768
1151 12 14 768
1153 13 14 705
1155 13 14 0
1156 13 14 990
1157 13 14 990
1158 13 14 998
1159 13 14 998
1160 13 14 852
1161 13 14 852
1162 13 14 853
1163 13 14 853
1164 13 14 721
1165 13 14 721
1166 13 14 802
1167 13 14 802
1168 13 14 1032
1170 13 14 947
1171 13 14 947
1172 13 14 858
1173 13 14 858
1175 13 14 863
1176 13 14 1057
1177 13 14 1057
1178 13 14 878
1179 13 14 878
1180 13 14 871
1181 13 14 871
1182 13 14 869
1183 13 14 869
1184 13 14 806
1185 13 14 806
1186 13 14 886
1187 13 14 886
1188 13 14 817
1189 13 14 817
1190 13 14 1130
1191 13 14 1130
1194 14 14 1134
1195 14 14 1134
1196 14 14 844
1197 14 14 844
1198 14 14 837
1199 14 14 837
1200 14 14 792
1201 14 14 792
1203 14 14 0
1204 14 14 960
1205 14 14 960
1206 14 14 812
1207 14 14 812
1208 14 14 819
1209 14 14 819
1210 4 4 0
1211 7 12 0
1212 6 8 0
1213 3 6 0
1214 8 9 0
1215 2 2 0
1216 7 8 0
1217 7 7 0
1218 3 3 0
1219 5 5 0
1220 3 5 0
1221 7 8 0
1222 3 3 0
1223 7 7 0
1224 3 4 0
1225 7 7 0
1226 8 8 0
1227 5 9 0
1228 6 6 0
1229 8 8 0
1230 8 8 0
1231 13 13 0
1232 10 10 0
1233 14 14 0
