0 0 41 0
1 0 54 0
2 0 28 0
3 0 41 0
4 0 28 0
5 0 54 0
6 0 59 0
7 0 28 0
8 0 17 0
9 0 10 0
10 0 43 0
11 0 1 0
12 0 0 0
13 0 48 0
14 0 26 0
15 0 35 0
16 0 6 0
17 0 46 0
18 0 28 0
19 0 19 0
20 0 7 0
21 0 26 0
22 0 39 0
23 0 29 0
24 0 47 0
25 0 39 0
26 0 29 0
27 0 19 0
28 0 32 0
29 0 18 0
30 0 64 0
31 0 43 0
32 0 4 0
33 0 155 0
34 39 45 0
35 38 42 0
36 33 59 0
37 91 95 0
38 37 80 0
39 47 75 0
40 51 54 0
41 56 71 0
42 59 68 0
43 50 88 0
44 61 70 0
45 63 71 0
46 40 43 0
47 65 69 0
48 68 77 0
49 79 88 0
50 98 139 0
51 89 92 0
52 90 116 0
53 111 130 0
54 101 119 0
55 104 105 0
56 110 123 0
57 127 134 0
58 113 150 0
59 114 155 0
60 111 114 0
61 116 129 0
62 121 125 0
63 136 154 0
65 136 143 0
66 137 141 0
67 141 150 0
68 155 155 0
72 140 155 0
73 108 111 0
74 121 153 0
75 122 139 0
76 130 133 0
77 125 148 0
78 150 154 0
79 149 155 0
80 149 155 0
81 155 155 0
82 133 155 0
83 99 104 0
84 120 155 0
85 127 137 0
86 135 155 0
87 148 155 0
88 148 155 0
89 154 155 0
90 76 113 0
91 50 58 0
92 80 81 0
93 116 155 0
94 124 150 0
95 133 144 0
96 142 155 0
97 149 155 0
98 151 155 0
100 69 84 0
101 102 113 0
102 155 155 0
103 148 155 0
104 104 136 0
105 110 115 0
106 109 155 0
107 113 123 0
108 125 134 0
109 119 132 0
110 151 155 0
111 155 155 0
112 137 155 0
113 145 155 0
114 151 155 0
115 145 155 0
116 42 81 0
117 42 75 0
118 55 108 1
119 55 90 1
120 29 77 2
121 29 73 2
122 42 79 3
123 42 75 3
124 29 77 4
125 29 73 4
126 55 108 5
127 55 90 5
128 60 93 6
129 60 100 6
130 29 67 7
131 29 70 7
132 18 67 8
133 18 60 8
134 11 46 9
135 11 67 9
136 44 69 10
137 44 71 10
138 2 33 11
139 2 39 11
140 1 38 12
141 1 36 12
142 49 82 13
143 49 80 13
144 27 68 14
145 27 68 14
146 36 154 15
147 36 155 15
148 7 37 16
149 7 39 16
150 47 81 17
151 47 81 17
152 29 66 18
153 29 37 18
154 27 31 21
155 27 55 21
156 40 53 22
157 40 72 22
158 48 155 24
159 48 88 24
160 40 86 25
161 40 84 25
162 30 69 26
163 30 67 26
164 20 44 27
165 20 33 27
166 33 93 28
167 33 155 28
168 19 49 29
169 19 52 29
170 65 131 30
171 65 155 30
172 44 48 31
173 44 155 31
174 5 36 32
175 5 40 32
176 60 95 36
177 60 66 36
178 96 126 37
179 81 119 38
180 81 133 38
181 76 104 39
182 76 114 39
183 72 104 41
184 72 102 41
185 69 98 42
186 69 76 42
187 89 127 43
188 89 143 43
189 72 83 45
190 72 107 45
191 78 93 48
192 78 91 48
193 89 91 49
194 89 101 49
195 140 155 50
196 140 155 50
197 94 98 0
198 117 155 52
199 117 155 52
200 131 155 53
201 131 155 53
202 120 135 54
203 120 147 54
204 124 150 56
205 135 155 57
206 135 155 57
207 130 147 61
208 130 155 61
209 126 155 62
210 155 155 63
211 155 155 63
214 142 143 66
215 142 155 66
216 151 155 67
220 112 125 73
221 112 112 73
222 154 155 74
223 154 155 74
224 149 155 77
225 149 155 77
226 105 110 83
227 105 108 83
228 114 155 90
229 114 155 90
230 85 138 100
231 85 88 100
232 114 151 101
233 114 148 101
234 137 155 104
235 137 143 104
236 135 155 108
237 135 155 108
238 133 134 109
239 133 155 109
240 82 155 116
241 82 155 116
242 76 155 117
243 76 155 117
244 109 146 118
245 109 144 118
246 91 135 119
247 91 137 119
248 78 155 120
249 78 127 120
250 74 114 121
251 74 118 121
252 80 155 122
253 80 155 122
254 76 155 123
255 76 155 123
256 78 155 124
257 78 127 124
258 74 114 125
259 74 118 125
260 109 146 126
261 109 144 126
262 91 137 127
263 91 136 127
264 94 137 128
265 94 129 128
266 101 135 129
267 101 134 129
268 68 107 130
269 68 110 130
270 71 114 131
271 71 118 131
272 68 117 132
273 68 113 132
274 61 108 133
275 61 99 133
276 47 80 134
277 47 73 134
278 68 105 135
279 68 104 135
280 70 84 136
281 70 110 136
282 72 115 137
283 72 110 137
284 40 69 139
285 40 56 139
286 39 59 140
287 39 79 140
288 37 68 141
289 37 74 141
290 83 146 142
291 83 155 142
292 81 123 143
293 81 125 143
294 69 90 144
295 69 76 144
296 69 77 145
297 69 105 145
298 155 155 146
299 155 155 146
300 38 74 148
301 38 74 148
302 40 75 149
303 40 73 149
305 82 111 150
306 82 108 151
307 82 118 151
308 67 82 152
309 67 100 152
310 56 81 155
311 56 77 155
312 78 83 0
313 89 99 159
314 89 89 159
315 87 135 160
316 87 155 160
317 85 127 161
318 85 137 161
319 70 113 162
320 70 115 162
321 68 108 163
322 68 103 163
323 45 70 164
324 45 72 164
325 94 147 166
326 94 135 166
327 50 71 168
328 50 81 168
329 53 86 169
330 53 84 169
331 132 155 170
332 132 155 170
333 132 155 170
334 37 58 174
335 37 81 174
336 41 76 175
337 41 72 175
338 96 102 176
339 96 155 176
340 120 126 179
341 120 146 179
342 134 155 180
343 134 155 180
344 105 147 181
345 105 155 181
346 115 155 182
347 115 155 182
348 105 148 183
349 105 141 183
350 103 140 184
351 103 113 184
352 128 155 187
353 128 155 187
354 144 155 188
355 144 155 188
356 108 111 190
357 108 145 190
364 148 155 203
365 148 155 203
366 151 155 204
367 151 154 204
374 139 155 230
375 139 145 230
376 152 155 232
377 152 155 232
378 149 149 233
379 149 155 233
388 147 155 244
389 147 155 244
390 145 155 245
391 145 155 245
392 136 155 246
393 136 155 246
394 138 155 247
395 138 153 247
398 128 155 249
399 128 155 249
400 115 155 250
401 115 155 250
402 119 154 251
403 119 152 251
404 128 155 257
405 128 155 257
406 115 155 258
407 115 155 258
408 119 154 259
409 119 152 259
410 147 155 260
411 147 155 260
412 145 155 261
413 145 155 261
414 138 155 262
415 138 155 262
416 137 155 263
417 137 155 263
418 138 155 264
419 138 155 264
420 130 155 265
421 130 155 265
422 136 155 266
423 136 155 266
424 135 155 267
425 135 155 267
426 108 155 268
427 108 155 268
428 111 155 269
429 111 155 269
430 115 155 270
431 115 155 270
432 119 155 271
433 119 155 271
434 118 155 272
435 118 155 272
436 114 155 273
437 114 155 273
438 109 155 274
439 109 152 274
440 100 155 275
441 100 155 275
442 81 155 276
443 81 149 276
444 74 111 277
445 74 118 277
446 106 155 278
447 106 145 278
448 105 155 279
449 105 152 279
450 111 135 281
451 111 155 281
452 116 155 282
453 116 155 282
454 111 155 283
455 111 111 283
456 80 122 287
457 80 125 287
458 69 107 288
459 69 82 288
460 75 115 289
461 75 110 289
462 147 155 290
463 147 155 290
466 124 155 292
467 124 155 292
468 106 155 297
469 106 134 297
470 75 101 300
471 75 99 300
472 75 103 301
473 75 103 301
474 76 106 302
475 76 107 302
476 74 100 303
477 74 100 303
478 112 155 305
479 112 155 305
480 109 155 306
481 109 155 306
482 119 155 307
483 119 155 307
484 105 137 0
485 82 108 310
486 82 112 310
487 78 102 311
488 78 101 311
489 136 155 315
490 136 155 315
493 128 132 317
494 128 155 317
495 138 155 318
496 138 155 318
497 114 155 319
498 114 155 319
499 116 155 320
500 116 155 320
501 109 155 321
502 109 155 321
503 104 155 322
504 104 106 322
505 71 102 323
506 71 103 323
507 73 113 324
508 73 109 324
509 148 155 325
510 148 155 325
511 136 155 326
512 136 155 326
513 72 101 327
514 72 102 327
515 82 122 328
516 82 128 328
517 87 119 329
518 87 116 329
519 85 116 330
520 85 121 330
521 82 133 335
522 82 126 335
523 77 109 336
524 77 110 336
525 73 86 337
526 73 143 337
527 147 155 341
528 147 155 341
529 148 155 344
534 149 155 348
535 149 155 348
536 142 142 349
537 142 155 349
538 141 155 350
539 141 155 350
540 146 155 357
541 146 155 357
556 155 155 402
557 155 155 402
558 153 155 403
559 153 155 403
562 155 155 408
563 155 155 408
564 153 155 409
565 153 155 409
580 153 155 439
581 153 155 439
586 150 155 443
587 150 155 443
588 112 154 444
589 112 155 444
590 119 155 445
591 119 155 445
592 146 155 447
593 146 155 447
596 153 155 449
597 153 155 449
598 123 155 456
599 123 155 456
600 126 155 457
601 126 155 457
602 108 155 458
603 108 155 458
604 116 155 460
605 116 155 460
606 111 111 461
610 102 127 470
611 102 140 470
612 100 126 471
613 100 123 471
614 104 155 472
615 104 134 472
616 104 136 473
617 104 128 473
618 107 137 474
619 107 134 474
620 108 136 475
621 108 138 475
622 101 129 476
623 101 126 476
624 101 131 477
625 101 135 477
632 138 155 484
633 138 155 484
634 109 142 485
635 109 144 485
636 115 155 0
637 103 146 487
638 103 138 487
639 102 125 488
640 102 113 488
643 103 120 505
644 103 105 505
645 104 135 506
646 104 133 506
647 114 155 507
648 114 155 507
649 110 154 508
650 110 151 508
651 102 139 513
652 102 149 513
653 103 153 514
654 103 155 514
655 123 155 515
656 123 126 515
657 129 155 516
658 129 155 516
659 120 155 517
660 120 155 517
661 117 155 518
662 117 155 518
663 117 155 519
664 117 155 519
665 122 155 520
666 122 155 520
667 134 155 521
668 134 155 521
669 127 155 522
670 127 155 522
671 110 135 523
672 110 122 523
673 111 155 524
674 111 155 524
675 144 155 526
676 144 155 526
677 155 155 588
678 155 155 588
681 128 155 610
682 128 155 610
683 141 155 611
684 141 155 611
685 127 148 612
686 127 140 612
687 124 155 613
688 124 155 613
689 135 155 615
690 135 155 615
691 137 155 616
692 137 155 616
693 129 155 617
694 129 155 617
695 138 155 618
696 138 155 618
697 135 155 619
698 135 155 619
699 137 155 620
700 137 155 620
701 139 155 621
702 139 155 621
703 130 155 622
704 130 155 622
705 127 155 623
706 127 155 623
707 132 155 624
708 132 155 624
709 136 144 625
710 136 155 625
711 143 155 634
712 143 155 634
713 145 155 635
714 145 155 635
717 147 155 637
718 147 155 637
719 139 155 638
720 139 155 638
721 126 155 639
722 126 155 639
723 136 155 645
724 136 155 645
725 134 155 646
726 134 155 646
731 155 155 649
732 155 155 649
733 152 155 650
734 152 155 650
735 140 155 651
736 140 155 651
737 150 155 652
738 150 155 652
739 154 155 653
740 154 155 653
