0 0 19 0
3 0 19 0
10 0 19 0
14 0 19 0
16 0 19 0
19 0 9 0
20 10 10 0
21 11 11 0
22 12 19 0
27 0 19 0
28 0 1 0
29 2 2 0
30 3 4 0
31 5 19 0
32 0 19 0
33 0 19 0
41 0 19 0
42 0 19 0
54 0 12 0
55 13 19 0
56 0 19 0
57 0 19 0
58 0 19 0
59 0 19 0
60 0 19 0
61 0 17 0
62 18 19 0
79 0 19 0
80 0 19 0
89 0 3 0
90 4 18 0
91 19 19 0
95 0 1 0
96 2 9 0
97 10 19 0
99 0 19 0
100 0 1 0
101 2 9 0
102 10 10 0
103 11 12 0
104 13 19 0
112 0 1 0
113 2 2 0
114 3 5 0
115 6 6 0
116 7 7 0
117 8 9 0
118 10 14 0
119 15 15 0
120 16 19 0
142 0 19 0
150 0 19 0
153 0 19 0
154 0 19 0
155 0 19 0
156 0 19 0
161 0 19 0
179 0 19 0
180 0 19 0
182 0 19 0
183 0 7 0
184 8 8 0
185 9 19 0
191 0 19 0
192 0 19 0
193 0 19 0
205 0 19 0
209 0 19 0
213 0 8 0
214 9 11 0
215 12 12 0
216 13 19 0
217 0 19 0
220 0 19 0
223 0 19 0
224 0 19 0
230 0 19 0
236 0 19 0
237 0 19 0
240 0 19 0
241 0 19 0
243 0 8 0
244 9 10 0
245 11 14 0
246 15 19 0
250 0 10 0
251 11 13 0
252 14 19 0
259 0 19 0
260 0 19 0
261 0 19 0
262 0 19 0
263 0 19 0
264 0 2 0
265 3 6 0
266 7 19 0
275 0 19 0
278 0 19 0
300 0 6 0
301 7 17 0
302 18 19 0
308 0 14 0
309 15 15 0
310 16 19 0
325 0 8 0
326 9 19 0
327 0 0 0
328 1 1 0
329 2 19 0
335 0 19 0
336 0 6 0
337 7 7 0
338 8 8 0
339 9 18 0
340 19 19 0
353 0 8 0
354 9 19 0
361 0 19 0
362 0 19 0
363 0 1 0
364 2 4 0
365 5 5 0
366 6 13 0
367 14 14 0
368 15 19 0
379 0 19 0
380 0 19 0
381 0 19 0
382 0 19 0
383 0 19 0
384 0 19 0
385 0 19 0
387 0 5 0
388 6 19 0
390 0 19 0
391 0 19 0
392 0 19 0
395 0 19 0
396 0 19 0
402 0 19 0
403 0 19 0
421 0 19 0
428 0 19 0
433 0 19 0
434 0 19 0
444 0 19 0
447 0 19 0
449 0 19 0
450 0 19 0
451 0 19 0
454 0 19 0
455 0 3 0
456 4 4 0
457 5 5 0
458 6 9 0
459 10 15 0
460 16 16 0
461 17 17 0
462 18 18 0
463 19 19 0
471 0 19 0
472 0 19 0
473 0 19 0
474 0 6 0
475 7 7 0
476 8 11 0
477 12 12 0
478 13 16 0
479 17 18 0
480 19 19 0
486 0 19 0
487 0 19 0
496 0 19 0
497 0 8 0
498 9 10 0
499 11 14 0
500 15 15 0
501 16 19 0
505 0 19 0
506 0 19 0
515 0 8 0
516 9 12 0
517 13 13 0
518 14 17 0
519 18 19 0
533 0 19 0
536 0 19 0
537 0 19 0
542 0 6 0
543 7 7 0
544 8 11 0
545 12 19 0
557 0 19 0
558 0 19 0
564 0 19 0
574 0 19 0
575 0 19 0
586 0 2 0
587 3 19 0
593 0 19 0
601 0 19 0
603 0 19 0
604 0 19 0
611 0 19 0
612 0 19 0
613 0 18 0
614 19 19 0
626 0 19 0
627 0 19 0
630 0 19 0
642 0 19 0
643 0 19 0
645 0 19 0
647 0 0 0
648 1 5 0
649 6 7 0
650 8 9 0
651 10 14 0
652 15 15 0
653 16 17 0
654 18 18 0
655 19 19 0
664 0 19 0
674 0 19 0
680 0 2 0
681 3 4 0
682 5 8 0
683 9 9 0
684 10 19 0
685 0 4 0
686 5 19 0
688 0 0 0
689 1 1 0
690 2 7 0
691 8 8 0
692 9 14 0
693 15 16 0
694 17 18 0
695 19 19 0
696 0 4 0
697 5 19 0
698 0 8 0
699 9 19 0
700 0 19 0
701 0 19 0
715 0 19 0
716 0 19 0
717 0 0 0
718 1 1 0
719 2 3 0
720 4 4 0
721 5 5 0
722 6 19 0
736 0 19 0
737 0 19 0
746 0 19 0
747 0 19 0
750 0 19 0
752 0 13 0
753 14 19 0
754 0 19 0
763 0 19 0
768 0 19 0
770 0 19 0
777 0 19 0
785 0 0 0
786 1 19 0
791 0 19 0
792 0 19 0
797 0 14 0
798 15 15 0
799 16 19 0
804 0 19 0
812 0 19 0
821 0 3 0
822 4 8 0
823 9 12 0
824 13 19 0
825 0 19 0
837 0 11 0
838 12 13 0
839 14 19 0
854 0 19 0
855 0 16 0
856 17 17 0
857 18 19 0
876 0 19 0
877 0 19 0
879 0 19 0
892 0 8 0
893 9 9 0
894 10 10 0
895 11 11 0
896 12 19 0
897 0 10 0
898 11 19 0
904 0 19 0
905 0 19 0
906 0 19 0
917 0 7 0
918 8 19 0
921 0 6 0
922 7 7 0
923 8 19 0
925 0 0 0
926 1 19 0
932 0 19 0
940 0 19 0
955 0 19 0
963 0 19 0
975 0 19 0
983 0 19 0
989 0 13 0
990 14 16 0
991 17 19 0
998 0 19 0
999 0 19 0
1000 0 19 0
1001 0 19 0
1016 0 19 0
1017 0 19 0
1018 0 19 0
1023 0 19 0
1024 0 19 0
1026 0 0 0
1027 1 5 0
1028 6 19 0
1032 0 19 0
1033 0 19 0
1038 0 0 0
1039 1 1 0
1040 2 2 0
1041 3 6 0
1042 7 17 0
1043 18 18 0
1044 19 19 0
1055 0 19 0
1057 0 19 0
1064 0 19 0
1065 0 19 0
1066 0 19 0
1067 0 19 0
1068 0 19 0
1069 0 19 0
1070 0 19 0
1071 0 19 0
1072 0 19 0
1073 0 0 0
1074 1 1 0
1075 2 15 0
1076 16 18 0
1077 19 19 0
1088 0 19 0
1089 0 19 0
1093 0 19 0
1094 0 19 0
1095 0 5 0
1096 6 6 0
1097 7 12 0
1098 13 15 0
1099 16 19 0
1110 0 19 0
1111 0 19 0
1112 0 7 0
1113 8 19 0
1120 0 14 0
1121 15 15 0
1122 16 19 0
1131 0 5 0
1132 6 6 0
1133 7 7 0
1134 8 8 0
1135 9 9 0
1136 10 10 0
1137 11 19 0
1140 0 19 0
1143 0 19 0
1149 0 19 0
1150 0 19 0
1151 0 19 0
1160 0 19 0
1165 0 19 0
1166 0 19 0
1169 0 19 0
1181 0 19 0
1190 0 19 0
1191 0 19 0
1192 0 1 0
1193 2 7 0
1194 8 19 0
1195 0 2 0
1196 3 5 0
1197 6 6 0
1198 7 8 0
1199 9 19 0
1206 0 19 0
1210 0 19 0
1211 0 19 0
1212 0 0 0
1213 1 14 0
1214 15 16 0
1215 17 19 0
1222 0 19 0
1225 0 19 0
1229 0 19 0
1230 0 19 0
1233 0 19 0
1245 0 3 0
1246 4 8 0
1247 9 19 0
1255 0 19 0
1256 0 19 0
1261 0 19 0
1262 0 19 0
1263 0 19 0
1265 0 19 0
1266 0 19 0
1270 0 19 0
1271 0 1 0
1272 2 12 0
1273 13 19 0
1275 0 19 0
1283 0 19 0
1289 0 0 0
1290 1 4 0
1291 5 6 0
1292 7 14 0
1293 15 17 0
1294 18 19 0
1298 0 19 0
1299 0 2 0
1300 3 5 0
1301 6 9 0
1302 10 19 0
1304 0 19 0
1305 0 19 0
1320 0 4 0
1321 5 9 0
1322 10 19 0
1334 0 16 0
1335 17 17 0
1336 18 19 0
1341 0 19 0
1342 0 19 0
1343 0 19 0
1358 0 19 0
1363 0 19 0
1364 0 19 0
1365 0 17 0
1366 18 19 0
1373 0 0 0
1374 1 1 0
1375 2 2 0
1376 3 3 0
1377 4 6 0
1378 7 7 0
1379 8 19 0
1385 0 19 0
1386 0 19 0
1387 0 19 0
1396 0 10 0
1397 11 11 0
1398 12 16 0
1399 17 18 0
1400 19 19 0
1415 0 19 0
1421 0 19 0
1431 0 19 0
1461 0 19 0
1462 0 19 0
1463 0 19 0
1470 0 19 0
1477 0 19 0
1481 0 19 0
1482 0 19 0
1485 0 19 0
1487 0 19 0
1488 0 2 0
1489 3 15 0
1490 16 19 0
1493 0 19 0
1494 0 19 0
1495 0 5 0
1496 6 6 0
1497 7 7 0
1498 8 13 0
1499 14 14 0
1500 15 18 0
1501 19 19 0
1506 0 19 0
1507 0 12 0
1508 13 14 0
1509 15 16 0
1510 17 19 0
1516 0 19 0
1517 0 19 0
1518 0 6 0
1519 7 14 0
1520 15 15 0
1521 16 19 0
1532 0 19 0
1533 0 19 0
1534 0 0 0
1535 1 5 0
1536 6 9 0
1537 10 11 0
1538 12 12 0
1539 13 19 0
1541 0 19 0
1542 0 19 0
1548 0 19 0
1571 0 19 0
1572 0 19 0
1573 0 19 0
1574 0 19 0
1597 0 19 0
1606 0 19 0
1608 0 11 0
1609 12 12 0
1610 13 19 0
1611 0 0 0
1612 1 1 0
1613 2 3 0
1614 4 5 0
1615 6 8 0
1616 9 10 0
1617 11 12 0
1618 13 19 0
1620 0 19 0
1621 0 19 0
1627 0 19 0
1628 0 12 0
1629 13 15 0
1630 16 19 0
1631 0 7 0
1632 8 18 0
1633 19 19 0
1637 0 1 0
1638 2 10 0
1639 11 18 0
1640 19 19 0
1652 0 0 0
1653 1 1 0
1654 2 4 0
1655 5 5 0
1656 6 6 0
1657 7 7 0
1658 8 19 0
1669 0 19 0
1670 0 19 0
1672 0 19 0
1673 0 12 0
1674 13 19 0
1675 0 19 0
1676 0 19 0
1684 0 19 0
1685 0 19 0
1686 0 19 0
1695 0 19 0
1699 0 2 0
1700 3 19 0
1712 0 19 0
1713 0 13 0
1714 14 14 0
1715 15 17 0
1716 18 19 0
1721 0 19 0
1722 0 19 0
1725 0 16 0
1726 17 18 0
1727 19 19 0
1728 0 19 0
1730 0 19 0
1731 0 19 0
1732 0 19 0
1735 0 19 0
1740 0 19 0
1747 0 8 0
1748 9 9 0
1749 10 11 0
1750 12 12 0
1751 13 13 0
1752 14 16 0
1753 17 17 0
1754 18 19 0
1756 0 19 0
1757 0 15 0
1758 16 19 0
1760 0 19 0
1762 0 19 0
1763 0 19 0
1766 0 19 0
1767 0 15 0
1768 16 19 0
1773 0 19 0
1774 0 19 0
1775 0 19 0
1776 0 19 0
1786 0 19 0
1787 0 0 0
1788 1 2 0
1789 3 3 0
1790 4 9 0
1791 10 11 0
1792 12 14 0
1793 15 17 0
1794 18 18 0
1795 19 19 0
1807 0 19 0
1818 0 19 0
1822 0 19 0
1823 0 19 0
1826 0 19 0
1827 0 19 0
1828 0 19 0
1855 0 19 0
1858 0 19 0
1859 0 3 0
1860 4 9 0
1861 10 10 0
1862 11 19 0
1864 0 19 0
1865 0 16 0
1866 17 17 0
1867 18 18 0
1868 19 19 0
1877 0 19 0
1878 0 19 0
1879 0 19 0
1883 0 19 0
1884 0 19 0
1889 0 19 0
1890 0 19 0
1907 0 19 0
1908 0 9 0
1909 10 14 0
1910 15 19 0
1912 0 19 0
1915 0 19 0
1923 0 19 0
1931 0 19 0
1932 0 19 0
1941 0 19 0
1944 0 2 0
1945 3 3 0
1946 4 17 0
1947 18 18 0
1948 19 19 0
1954 0 13 0
1955 14 14 0
1956 15 18 0
1957 19 19 0
1971 0 19 0
1978 0 19 0
1979 0 19 0
1981 0 19 0
1982 0 19 0
1983 0 19 0
1995 0 19 0
1996 0 19 0
2000 0 6 0
2001 7 7 0
2002 8 10 0
2003 11 12 0
2004 13 13 0
2005 14 14 0
2006 15 19 0
2007 0 19 0
2008 0 9 0
2009 10 11 0
2010 12 12 0
2011 13 13 0
2012 14 15 0
2013 16 19 0
2021 0 19 0
2024 0 0 0
2025 1 19 0
2039 0 17 0
2040 18 19 0
2066 0 2 0
2067 3 3 0
2068 4 5 0
2069 6 8 0
2070 9 10 0
2071 11 11 0
2072 12 13 0
2073 14 14 0
2074 15 15 0
2075 16 16 0
2076 17 19 0
2097 0 14 0
2098 15 19 0
2110 0 19 0
2111 0 10 0
2112 11 19 0
2114 0 19 0
