0 0 19 0
5 0 19 0
10 0 19 0
11 0 19 0
13 0 19 0
16 0 12 0
17 13 19 0
20 0 19 0
21 0 1 0
22 2 3 0
23 4 5 0
24 6 19 0
25 0 19 0
26 0 19 0
38 0 19 0
39 0 19 0
48 0 14 0
49 15 19 0
50 0 19 0
51 0 19 0
52 0 19 0
53 0 19 0
54 0 19 0
55 0 19 0
74 0 19 0
75 0 19 0
84 0 2 0
85 3 19 0
87 0 1 0
88 2 11 0
89 12 19 0
91 0 19 0
92 0 1 0
93 2 4 0
94 5 5 0
95 6 11 0
96 12 12 0
97 13 14 0
98 15 19 0
106 0 5 0
107 6 8 0
108 9 11 0
109 12 16 0
110 17 17 0
111 18 18 0
112 19 19 0
135 0 19 0
138 0 19 0
140 0 19 0
141 0 19 0
142 0 19 0
143 0 19 0
148 0 19 0
160 0 19 0
161 0 19 0
164 0 19 0
165 0 8 0
166 9 10 0
167 11 19 0
171 0 19 0
172 0 19 0
173 0 19 0
177 0 19 0
179 0 19 0
183 0 10 0
184 11 13 0
185 14 14 0
186 15 19 0
187 0 19 0
190 0 19 0
192 0 19 0
193 0 19 0
197 0 19 0
201 0 19 0
202 0 19 0
205 0 19 0
206 0 19 0
207 0 11 0
208 12 12 0
209 13 17 0
210 18 19 0
212 0 10 0
213 11 15 0
214 16 19 0
225 0 19 0
226 0 19 0
227 0 19 0
228 0 19 0
229 0 19 0
230 0 3 0
231 4 7 0
232 8 9 0
233 10 10 0
234 11 19 0
239 0 19 0
242 0 19 0
258 0 7 0
259 8 19 0
267 0 17 0
268 18 18 0
269 19 19 0
281 0 10 0
282 11 19 0
283 0 0 0
284 1 1 0
285 2 19 0
287 0 19 0
288 0 5 0
289 6 6 0
290 7 8 0
291 9 19 0
303 0 9 0
304 10 19 0
313 0 19 0
314 0 19 0
315 0 1 0
316 2 7 0
317 8 8 0
318 9 9 0
319 10 10 0
320 11 19 0
328 0 19 0
329 0 19 0
330 0 19 0
331 0 19 0
332 0 19 0
333 0 19 0
334 0 19 0
336 0 5 0
337 6 19 0
339 0 19 0
340 0 19 0
341 0 19 0
344 0 19 0
345 0 19 0
351 0 19 0
352 0 19 0
369 0 19 0
372 0 19 0
379 0 19 0
380 0 19 0
388 0 19 0
390 0 10 0
391 11 11 0
392 12 19 0
393 0 19 0
394 0 19 0
395 0 19 0
400 0 19 0
401 0 6 0
402 7 11 0
403 12 18 0
404 19 19 0
415 0 19 0
416 0 19 0
417 0 19 0
418 0 7 0
419 8 8 0
420 9 13 0
421 14 14 0
422 15 19 0
431 0 19 0
432 0 19 0
439 0 19 0
440 0 9 0
441 10 11 0
442 12 16 0
443 17 17 0
444 18 19 0
450 0 19 0
451 0 19 0
456 0 9 0
457 10 14 0
458 15 15 0
459 16 19 0
470 0 19 0
473 0 19 0
474 0 19 0
477 0 7 0
478 8 8 0
479 9 12 0
480 13 19 0
492 0 19 0
493 0 19 0
496 0 19 0
508 0 19 0
509 0 19 0
517 0 3 0
518 4 19 0
524 0 19 0
533 0 19 0
537 0 19 0
538 0 19 0
547 0 19 0
548 0 19 0
549 0 19 0
561 0 19 0
562 0 19 0
563 0 19 0
573 0 19 0
574 0 19 0
576 0 19 0
578 0 0 0
579 1 6 0
580 7 7 0
581 8 8 0
582 9 9 0
583 10 11 0
584 12 16 0
585 17 19 0
595 0 19 0
601 0 19 0
603 0 4 0
604 5 5 0
605 6 9 0
606 10 11 0
607 12 19 0
610 0 5 0
611 6 19 0
613 0 0 0
614 1 3 0
615 4 15 0
616 16 16 0
617 17 17 0
618 18 19 0
621 0 5 0
622 6 19 0
623 0 9 0
624 10 19 0
625 0 19 0
626 0 19 0
642 0 19 0
643 0 19 0
644 0 0 0
645 1 2 0
646 3 3 0
647 4 4 0
648 5 6 0
649 7 19 0
662 0 19 0
663 0 19 0
672 0 19 0
673 0 19 0
678 0 19 0
679 0 12 0
680 13 13 0
681 14 15 0
682 16 19 0
683 0 19 0
688 0 19 0
689 0 19 0
690 0 19 0
696 0 19 0
706 0 1 0
707 2 19 0
714 0 19 0
715 0 19 0
720 0 17 0
721 18 18 0
722 19 19 0
725 0 19 0
733 0 19 0
740 0 2 0
741 3 3 0
742 4 4 0
743 5 10 0
744 11 14 0
745 15 19 0
746 0 19 0
758 0 13 0
759 14 15 0
760 16 19 0
771 0 19 0
772 0 19 0
794 0 19 0
795 0 19 0
797 0 19 0
808 0 12 0
809 13 13 0
810 14 19 0
811 0 12 0
812 13 19 0
818 0 19 0
819 0 19 0
820 0 19 0
831 0 8 0
832 9 19 0
839 0 8 0
840 9 9 0
841 10 11 0
842 12 12 0
843 13 19 0
845 0 0 0
846 1 1 0
847 2 2 0
848 3 10 0
849 11 11 0
850 12 16 0
851 17 17 0
852 18 19 0
859 0 19 0
866 0 19 0
887 0 19 0
895 0 19 0
908 0 19 0
916 0 19 0
924 0 16 0
925 17 19 0
933 0 19 0
934 0 19 0
935 0 19 0
936 0 19 0
947 0 3 0
948 4 4 0
949 5 19 0
950 0 19 0
951 0 19 0
956 0 19 0
957 0 19 0
958 0 0 0
959 1 6 0
960 7 19 0
962 0 19 0
963 0 19 0
964 0 0 0
965 1 7 0
966 8 19 0
977 0 19 0
979 0 19 0
983 0 19 0
984 0 19 0
985 0 19 0
986 0 19 0
987 0 19 0
988 0 19 0
989 0 19 0
990 0 19 0
991 0 19 0
992 0 0 0
993 1 4 0
994 5 10 0
995 11 11 0
996 12 14 0
997 15 15 0
998 16 16 0
999 17 19 0
1012 0 19 0
1013 0 19 0
1017 0 19 0
1018 0 19 0
1019 0 6 0
1020 7 8 0
1021 9 14 0
1022 15 18 0
1023 19 19 0
1033 0 19 0
1034 0 19 0
1035 0 9 0
1036 10 19 0
1043 0 18 0
1044 19 19 0
1054 0 6 0
1055 7 7 0
1056 8 19 0
1059 0 19 0
1064 0 16 0
1065 17 17 0
1066 18 18 0
1067 19 19 0
1074 0 19 0
1075 0 19 0
1076 0 19 0
1083 0 19 0
1086 0 19 0
1087 0 19 0
1090 0 19 0
1102 0 19 0
1107 0 19 0
1108 0 19 0
1109 0 1 0
1110 2 9 0
1111 10 19 0
1114 0 2 0
1115 3 6 0
1116 7 7 0
1117 8 9 0
1118 10 19 0
1121 0 19 0
1124 0 19 0
1125 0 19 0
1126 0 0 0
1127 1 17 0
1128 18 18 0
1129 19 19 0
1132 0 19 0
1133 0 19 0
1138 0 19 0
1139 0 19 0
1142 0 19 0
1154 0 5 0
1155 6 9 0
1156 10 16 0
1157 17 17 0
1158 18 19 0
1166 0 19 0
1167 0 19 0
1171 0 19 0
1172 0 19 0
1173 0 19 0
1175 0 19 0
1176 0 19 0
1179 0 19 0
1180 0 2 0
1181 3 14 0
1182 15 19 0
1183 0 19 0
1189 0 19 0
1193 0 0 0
1194 1 5 0
1195 6 7 0
1196 8 16 0
1197 17 19 0
1202 0 19 0
1203 0 4 0
1204 5 6 0
1205 7 11 0
1206 12 19 0
1208 0 19 0
1209 0 19 0
1219 0 4 0
1220 5 10 0
1221 11 19 0
1233 0 18 0
1234 19 19 0
1242 0 19 0
1243 0 19 0
1244 0 19 0
1257 0 19 0
1262 0 19 0
1263 0 19 0
1264 0 19 0
1272 0 0 0
1273 1 3 0
1274 4 7 0
1275 8 8 0
1276 9 19 0
1281 0 19 0
1282 0 19 0
1283 0 19 0
1289 0 12 0
1290 13 13 0
1291 14 18 0
1292 19 19 0
1305 0 1 0
1306 2 2 0
1307 3 19 0
1310 0 19 0
1318 0 19 0
1338 0 19 0
1339 0 19 0
1340 0 19 0
1343 0 19 0
1351 0 19 0
1352 0 19 0
1353 0 19 0
1355 0 19 0
1357 0 19 0
1358 0 2 0
1359 3 3 0
1360 4 4 0
1361 5 17 0
1362 18 19 0
1363 0 19 0
1364 0 19 0
1365 0 6 0
1366 7 7 0
1367 8 8 0
1368 9 10 0
1369 11 11 0
1370 12 19 0
1376 0 19 0
1377 0 14 0
1378 15 15 0
1379 16 19 0
1388 0 19 0
1389 0 19 0
1390 0 7 0
1391 8 16 0
1392 17 18 0
1393 19 19 0
1403 0 19 0
1404 0 19 0
1405 0 0 0
1406 1 4 0
1407 5 7 0
1408 8 8 0
1409 9 11 0
1410 12 13 0
1411 14 14 0
1412 15 19 0
1414 0 19 0
1417 0 19 0
1430 0 19 0
1439 0 19 0
1440 0 19 0
1441 0 19 0
1442 0 19 0
1453 0 19 0
1461 0 19 0
1463 0 11 0
1464 12 12 0
1465 13 13 0
1466 14 15 0
1467 16 19 0
1468 0 0 0
1469 1 1 0
1470 2 2 0
1471 3 6 0
1472 7 10 0
1473 11 12 0
1474 13 15 0
1475 16 19 0
1477 0 19 0
1478 0 19 0
1486 0 19 0
1487 0 15 0
1488 16 18 0
1489 19 19 0
1490 0 8 0
1491 9 19 0
1494 0 1 0
1495 2 10 0
1496 11 11 0
1497 12 12 0
1498 13 19 0
1510 0 0 0
1511 1 1 0
1512 2 5 0
1513 6 6 0
1514 7 7 0
1515 8 9 0
1516 10 19 0
1529 0 19 0
1530 0 3 0
1531 4 4 0
1532 5 19 0
1538 0 19 0
1539 0 11 0
1540 12 12 0
1541 13 14 0
1542 15 19 0
1543 0 19 0
1544 0 19 0
1548 0 19 0
1549 0 19 0
1550 0 19 0
1559 0 19 0
1564 0 3 0
1565 4 19 0
1579 0 19 0
1580 0 16 0
1581 17 17 0
1582 18 19 0
1588 0 19 0
1589 0 19 0
1592 0 3 0
1593 4 4 0
1594 5 18 0
1595 19 19 0
1599 0 19 0
1601 0 19 0
1602 0 19 0
1603 0 19 0
1605 0 19 0
1612 0 19 0
1617 0 13 0
1618 14 19 0
1620 0 19 0
1621 0 12 0
1622 13 13 0
1623 14 18 0
1624 19 19 0
1628 0 19 0
1632 0 19 0
1633 0 19 0
1634 0 19 0
1635 0 18 0
1636 19 19 0
1641 0 19 0
1642 0 19 0
1643 0 19 0
1644 0 19 0
1652 0 19 0
1653 0 0 0
1654 1 3 0
1655 4 4 0
1656 5 11 0
1657 12 13 0
1658 14 16 0
1659 17 19 0
1673 0 19 0
1681 0 19 0
1683 0 19 0
1684 0 19 0
1689 0 19 0
1690 0 19 0
1691 0 19 0
1714 0 19 0
1715 0 19 0
1716 0 4 0
1717 5 11 0
1718 12 12 0
1719 13 19 0
1723 0 19 0
1724 0 19 0
1736 0 19 0
1737 0 19 0
1738 0 19 0
1744 0 19 0
1745 0 19 0
1748 0 19 0
1749 0 19 0
1763 0 19 0
1764 0 11 0
1765 12 17 0
1766 18 19 0
1768 0 19 0
1769 0 19 0
1779 0 19 0
1787 0 19 0
1788 0 19 0
1797 0 19 0
1799 0 3 0
1800 4 19 0
1806 0 19 0
1819 0 19 0
1826 0 19 0
1827 0 19 0
1828 0 19 0
1829 0 19 0
1830 0 19 0
1844 0 19 0
1845 0 19 0
1849 0 12 0
1850 13 14 0
1851 15 15 0
1852 16 17 0
1853 18 19 0
1854 0 19 0
1855 0 11 0
1856 12 13 0
1857 14 14 0
1858 15 15 0
1859 16 17 0
1860 18 18 0
1861 19 19 0
1868 0 19 0
1873 0 0 0
1874 1 19 0
1890 0 19 0
1913 0 2 0
1914 3 3 0
1915 4 6 0
1916 7 9 0
1917 10 14 0
1918 15 16 0
1919 17 19 0
1944 0 16 0
1945 17 19 0
1955 0 19 0
1956 0 12 0
1957 13 19 0
1959 0 19 0
