0 0 65 0
1 66 71 0
2 72 99 0
3 0 31 0
4 32 33 0
5 34 36 0
6 37 39 0
7 40 99 0
8 0 81 0
9 82 84 0
10 85 85 0
11 86 87 0
12 88 99 0
13 0 58 0
14 59 92 0
15 93 99 0
16 0 31 0
17 32 42 0
18 43 99 0
19 0 9 0
20 10 69 0
21 70 74 0
22 75 81 0
23 82 83 0
24 84 95 0
25 96 98 0
26 99 99 0
27 0 42 0
28 43 43 0
29 44 99 0
30 0 1 0
31 2 2 0
32 3 3 0
33 4 99 0
34 0 99 0
35 0 32 0
36 33 43 0
37 44 44 0
38 45 46 0
39 47 48 0
40 49 49 0
41 50 54 0
42 55 56 0
43 57 60 0
44 61 99 0
45 0 99 0
46 0 27 0
47 28 33 0
48 34 39 0
49 40 42 0
50 43 46 0
51 47 48 0
52 49 49 0
53 50 50 0
54 51 74 0
55 75 76 0
56 77 78 0
57 79 91 0
58 92 99 0
59 0 11 0
60 12 99 0
61 0 99 0
62 0 99 0
63 0 99 0
64 0 99 0
65 0 99 0
66 0 15 0
67 16 21 0
68 22 26 0
69 27 29 0
70 30 37 0
71 38 38 0
72 39 39 0
73 40 47 0
74 48 57 0
75 58 58 0
76 59 60 0
77 61 64 0
78 65 67 0
79 68 68 0
80 69 95 0
81 96 96 0
82 97 99 0
83 0 99 0
84 0 30 0
85 31 31 0
86 32 32 0
87 33 38 0
88 39 53 0
89 54 57 0
90 58 59 0
91 60 69 0
92 70 70 0
93 71 71 0
94 72 99 0
95 0 1 0
96 2 15 0
97 16 84 0
98 85 97 0
99 98 99 0
100 0 0 0
101 1 8 0
102 9 19 0
103 20 99 0
104 0 99 0
105 0 1 0
106 2 8 0
107 9 31 0
108 32 34 0
109 35 41 0
110 42 43 0
111 44 45 0
112 46 99 0
113 0 4 0
114 5 5 0
115 6 6 0
116 7 8 0
117 9 12 0
118 13 13 0
119 14 17 0
120 18 18 0
121 19 20 0
122 21 22 0
123 23 26 0
124 27 27 0
125 28 28 0
126 29 30 0
127 31 31 0
128 32 32 0
129 33 33 0
130 34 35 0
131 36 37 0
132 38 42 0
133 43 44 0
134 45 45 0
135 46 46 0
136 47 69 0
137 70 70 0
138 71 71 0
139 72 84 0
140 85 99 0
141 0 27 0
142 28 28 0
143 29 82 0
144 83 83 0
145 84 85 0
146 86 98 0
147 99 99 0
148 0 71 0
149 72 76 0
150 77 99 0
151 0 99 0
152 0 99 0
153 0 99 0
154 0 46 0
155 47 52 0
156 53 83 0
157 84 84 0
158 85 99 0
159 0 34 0
160 35 37 0
161 38 38 0
162 39 39 0
163 40 40 0
164 41 49 0
165 50 50 0
166 51 51 0
167 52 53 0
168 54 71 0
169 72 72 0
170 73 73 0
171 74 76 0
172 77 91 0
173 92 92 0
174 93 99 0
175 0 99 0
176 0 76 0
177 77 78 0
178 79 79 0
179 80 99 0
180 0 99 0
181 0 6 0
182 7 7 0
183 8 17 0
184 18 29 0
185 30 37 0
186 38 91 0
187 92 96 0
188 97 99 0
189 0 99 0
190 0 99 0
191 0 73 0
192 74 76 0
193 77 77 0
194 78 78 0
195 79 79 0
196 80 80 0
197 81 81 0
198 82 82 0
199 83 83 0
200 84 85 0
201 86 99 0
202 0 72 0
203 73 76 0
204 77 81 0
205 82 88 0
206 89 91 0
207 92 99 0
208 0 34 0
209 35 35 0
210 36 36 0
211 37 99 0
212 0 7 0
213 8 99 0
214 0 65 0
215 66 73 0
216 74 99 0
217 0 71 0
218 72 74 0
219 75 99 0
220 0 99 0
221 0 25 0
222 26 34 0
223 35 35 0
224 36 95 0
225 96 97 0
226 98 98 0
227 99 99 0
228 0 33 0
229 34 39 0
230 40 55 0
231 56 99 0
232 0 99 0
233 0 56 0
234 57 57 0
235 58 82 0
236 83 83 0
237 84 85 0
238 86 86 0
239 87 87 0
240 88 99 0
241 0 99 0
242 0 84 0
243 85 96 0
244 97 97 0
245 98 99 0
246 0 7 0
247 8 9 0
248 10 13 0
249 14 33 0
250 34 99 0
251 0 8 0
252 9 11 0
253 12 29 0
254 30 35 0
255 36 66 0
256 67 67 0
257 68 69 0
258 70 70 0
259 71 99 0
260 0 99 0
261 0 99 0
262 0 99 0
263 0 99 0
264 0 95 0
265 96 98 0
266 99 99 0
267 0 2 0
268 3 5 0
269 6 7 0
270 8 8 0
271 9 19 0
272 20 21 0
273 22 29 0
274 30 52 0
275 53 99 0
276 0 50 0
277 51 54 0
278 55 99 0
279 0 41 0
280 42 45 0
281 46 46 0
282 47 47 0
283 48 48 0
284 49 50 0
285 51 52 0
286 53 56 0
287 57 58 0
288 59 59 0
289 60 62 0
290 63 64 0
291 65 70 0
292 71 77 0
293 78 79 0
294 80 86 0
295 87 87 0
296 88 88 0
297 89 94 0
298 95 99 0
299 0 5 0
300 6 14 0
301 15 18 0
302 19 22 0
303 23 23 0
304 24 28 0
305 29 82 0
306 83 99 0
307 0 40 0
308 41 41 0
309 42 51 0
310 52 52 0
311 53 57 0
312 58 63 0
313 64 73 0
314 74 75 0
315 76 81 0
316 82 83 0
317 84 89 0
318 90 92 0
319 93 99 0
320 0 8 0
321 9 99 0
322 0 0 0
323 1 1 0
324 2 23 0
325 24 25 0
326 26 26 0
327 27 88 0
328 89 93 0
329 94 99 0
330 0 99 0
331 0 3 0
332 4 5 0
333 6 7 0
334 8 16 0
335 17 17 0
336 18 22 0
337 23 29 0
338 30 44 0
339 45 48 0
340 49 50 0
341 51 52 0
342 53 55 0
343 56 99 0
344 0 7 0
345 8 58 0
346 59 62 0
347 63 69 0
348 70 70 0
349 71 90 0
350 91 91 0
351 92 99 0
352 0 99 0
353 0 99 0
354 0 1 0
355 2 5 0
356 6 6 0
357 7 36 0
358 37 55 0
359 56 56 0
360 57 57 0
361 58 63 0
362 64 76 0
363 77 77 0
364 78 81 0
365 82 89 0
366 90 90 0
367 91 93 0
368 94 99 0
369 0 99 0
370 0 87 0
371 88 89 0
372 90 90 0
373 91 92 0
374 93 95 0
375 96 99 0
376 0 99 0
377 0 97 0
378 98 98 0
379 99 99 0
380 0 99 0
381 0 99 0
382 0 67 0
383 68 99 0
384 0 4 0
385 5 25 0
386 26 99 0
387 0 99 0
388 0 99 0
389 0 64 0
390 65 67 0
391 68 99 0
392 0 99 0
393 0 30 0
394 31 31 0
395 32 35 0
396 36 36 0
397 37 55 0
398 56 99 0
399 0 99 0
400 0 14 0
401 15 15 0
402 16 16 0
403 17 18 0
404 19 19 0
405 20 26 0
406 27 28 0
407 29 37 0
408 38 38 0
409 39 42 0
410 43 43 0
411 44 44 0
412 45 45 0
413 46 49 0
414 50 51 0
415 52 63 0
416 64 80 0
417 81 81 0
418 82 82 0
419 83 89 0
420 90 90 0
421 91 91 0
422 92 92 0
423 93 99 0
424 0 70 0
425 71 73 0
426 74 75 0
427 76 86 0
428 87 88 0
429 89 93 0
430 94 95 0
431 96 96 0
432 97 99 0
433 0 42 0
434 43 44 0
435 45 46 0
436 47 48 0
437 49 94 0
438 95 99 0
439 0 99 0
440 0 20 0
441 21 22 0
442 23 24 0
443 25 27 0
444 28 29 0
445 30 36 0
446 37 39 0
447 40 99 0
448 0 59 0
449 60 84 0
450 85 87 0
451 88 88 0
452 89 90 0
453 91 92 0
454 93 99 0
455 0 7 0
456 8 8 0
457 9 84 0
458 85 91 0
459 92 93 0
460 94 99 0
461 0 99 0
462 0 99 0
463 0 44 0
464 45 47 0
465 48 48 0
466 49 51 0
467 52 99 0
468 0 99 0
469 0 4 0
470 5 8 0
471 9 13 0
472 14 14 0
473 15 15 0
474 16 17 0
475 18 21 0
476 22 29 0
477 30 35 0
478 36 36 0
479 37 37 0
480 38 99 0
481 0 99 0
482 0 99 0
483 0 99 0
484 0 3 0
485 4 4 0
486 5 5 0
487 6 6 0
488 7 14 0
489 15 15 0
490 16 16 0
491 17 20 0
492 21 23 0
493 24 53 0
494 54 54 0
495 55 57 0
496 58 58 0
497 59 59 0
498 60 75 0
499 76 92 0
500 93 93 0
501 94 95 0
502 96 96 0
503 97 98 0
504 99 99 0
505 0 99 0
506 0 37 0
507 38 38 0
508 39 99 0
509 0 99 0
510 0 9 0
511 10 10 0
512 11 12 0
513 13 13 0
514 14 16 0
515 17 19 0
516 20 71 0
517 72 99 0
518 0 99 0
519 0 69 0
520 70 72 0
521 73 74 0
522 75 75 0
523 76 76 0
524 77 78 0
525 79 86 0
526 87 91 0
527 92 92 0
528 93 93 0
529 94 94 0
530 95 97 0
531 98 98 0
532 99 99 0
533 0 7 0
534 8 10 0
535 11 11 0
536 12 14 0
537 15 17 0
538 18 20 0
539 21 44 0
540 45 48 0
541 49 50 0
542 51 51 0
543 52 55 0
544 56 56 0
545 57 70 0
546 71 73 0
547 74 75 0
548 76 99 0
549 0 61 0
550 62 63 0
551 64 99 0
552 0 99 0
553 0 41 0
554 42 42 0
555 43 81 0
556 82 85 0
557 86 88 0
558 89 89 0
559 90 90 0
560 91 92 0
561 93 99 0
562 0 5 0
563 6 6 0
564 7 9 0
565 10 21 0
566 22 25 0
567 26 28 0
568 29 35 0
569 36 36 0
570 37 37 0
571 38 38 0
572 39 50 0
573 51 54 0
574 55 64 0
575 65 73 0
576 74 82 0
577 83 83 0
578 84 99 0
579 0 99 0
580 0 56 0
581 57 58 0
582 59 80 0
583 81 81 0
584 82 82 0
585 83 85 0
586 86 86 0
587 87 99 0
588 0 28 0
589 29 34 0
590 35 36 0
591 37 37 0
592 38 38 0
593 39 39 0
594 40 40 0
595 41 50 0
596 51 53 0
597 54 55 0
598 56 58 0
599 59 99 0
600 0 99 0
601 0 65 0
602 66 66 0
603 67 67 0
604 68 69 0
605 70 70 0
606 71 75 0
607 76 76 0
608 77 77 0
609 78 78 0
610 79 79 0
611 80 99 0
612 0 2 0
613 3 41 0
614 42 99 0
615 0 50 0
616 51 55 0
617 56 56 0
618 57 57 0
619 58 58 0
620 59 59 0
621 60 60 0
622 61 68 0
623 69 80 0
624 81 99 0
625 0 69 0
626 70 89 0
627 90 91 0
628 92 93 0
629 94 94 0
630 95 96 0
631 97 97 0
632 98 99 0
633 0 99 0
634 0 59 0
635 60 60 0
636 61 62 0
637 63 63 0
638 64 64 0
639 65 66 0
640 67 72 0
641 73 73 0
642 74 99 0
643 0 99 0
644 0 99 0
645 0 24 0
646 25 27 0
647 28 29 0
648 30 31 0
649 32 40 0
650 41 49 0
651 50 51 0
652 52 72 0
653 73 73 0
654 74 86 0
655 87 88 0
656 89 91 0
657 92 96 0
658 97 99 0
659 0 98 0
660 99 99 0
661 0 76 0
662 77 77 0
663 78 87 0
664 88 89 0
665 90 94 0
666 95 99 0
667 0 29 0
668 30 36 0
669 37 56 0
670 57 61 0
671 62 63 0
672 64 64 0
673 65 65 0
674 66 85 0
675 86 95 0
676 96 97 0
677 98 99 0
678 0 99 0
679 0 66 0
680 67 99 0
681 0 38 0
682 39 99 0
683 0 0 0
684 1 4 0
685 5 5 0
686 6 8 0
687 9 12 0
688 13 13 0
689 14 14 0
690 15 20 0
691 21 21 0
692 22 22 0
693 23 25 0
694 26 26 0
695 27 99 0
696 0 37 0
697 38 38 0
698 39 39 0
699 40 46 0
700 47 47 0
701 48 59 0
702 60 72 0
703 73 99 0
704 0 16 0
705 17 83 0
706 84 84 0
707 85 90 0
708 91 99 0
709 0 3 0
710 4 4 0
711 5 21 0
712 22 22 0
713 23 99 0
714 0 4 0
715 5 25 0
716 26 26 0
717 27 34 0
718 35 91 0
719 92 99 0
720 0 0 0
721 1 1 0
722 2 6 0
723 7 7 0
724 8 11 0
725 12 14 0
726 15 15 0
727 16 33 0
728 34 34 0
729 35 51 0
730 52 52 0
731 53 95 0
732 96 99 0
733 0 3 0
734 4 99 0
735 0 7 0
736 8 99 0
737 0 99 0
738 0 41 0
739 42 44 0
740 45 45 0
741 46 46 0
742 47 47 0
743 48 48 0
744 49 54 0
745 55 60 0
746 61 61 0
747 62 62 0
748 63 64 0
749 65 65 0
750 66 67 0
751 68 68 0
752 69 71 0
753 72 75 0
754 76 79 0
755 80 81 0
756 82 82 0
757 83 99 0
758 0 99 0
759 0 99 0
760 0 0 0
761 1 1 0
762 2 2 0
763 3 3 0
764 4 5 0
765 6 16 0
766 17 22 0
767 23 25 0
768 26 26 0
769 27 66 0
770 67 68 0
771 69 70 0
772 71 71 0
773 72 72 0
774 73 74 0
775 75 92 0
776 93 94 0
777 95 99 0
778 0 99 0
779 0 34 0
780 35 43 0
781 44 48 0
782 49 52 0
783 53 53 0
784 54 59 0
785 60 99 0
786 0 99 0
787 0 67 0
788 68 69 0
789 70 99 0
790 0 86 0
791 87 99 0
792 0 11 0
793 12 99 0
794 0 25 0
795 26 37 0
796 38 38 0
797 39 39 0
798 40 40 0
799 41 41 0
800 42 42 0
801 43 43 0
802 44 99 0
803 0 79 0
804 80 80 0
805 81 84 0
806 85 86 0
807 87 87 0
808 88 88 0
809 89 96 0
810 97 99 0
811 0 76 0
812 77 99 0
813 0 23 0
814 24 24 0
815 25 25 0
816 26 35 0
817 36 36 0
818 37 37 0
819 38 41 0
820 42 45 0
821 46 48 0
822 49 83 0
823 84 99 0
824 0 29 0
825 30 30 0
826 31 54 0
827 55 62 0
828 63 63 0
829 64 64 0
830 65 65 0
831 66 99 0
832 0 1 0
833 2 20 0
834 21 21 0
835 22 25 0
836 26 26 0
837 27 99 0
838 0 99 0
839 0 40 0
840 41 48 0
841 49 99 0
842 0 12 0
843 13 13 0
844 14 16 0
845 17 30 0
846 31 31 0
847 32 44 0
848 45 99 0
849 0 39 0
850 40 50 0
851 51 51 0
852 52 53 0
853 54 58 0
854 59 99 0
855 0 18 0
856 19 19 0
857 20 30 0
858 31 31 0
859 32 99 0
860 0 1 0
861 2 2 0
862 3 3 0
863 4 7 0
864 8 11 0
865 12 99 0
866 0 22 0
867 23 23 0
868 24 25 0
869 26 26 0
870 27 27 0
871 28 30 0
872 31 55 0
873 56 61 0
874 62 63 0
875 64 67 0
876 68 68 0
877 69 97 0
878 98 98 0
879 99 99 0
880 0 10 0
881 11 11 0
882 12 62 0
883 63 66 0
884 67 74 0
885 75 75 0
886 76 77 0
887 78 99 0
888 0 99 0
889 0 16 0
890 17 22 0
891 23 29 0
892 30 32 0
893 33 37 0
894 38 43 0
895 44 44 0
896 45 45 0
897 46 51 0
898 52 52 0
899 53 53 0
900 54 54 0
901 55 55 0
902 56 56 0
903 57 62 0
904 63 80 0
905 81 99 0
906 0 99 0
907 0 56 0
908 57 99 0
909 0 37 0
910 38 40 0
911 41 46 0
912 47 48 0
913 49 49 0
914 50 50 0
915 51 53 0
916 54 71 0
917 72 83 0
918 84 84 0
919 85 93 0
920 94 95 0
921 96 99 0
922 0 96 0
923 97 99 0
924 0 9 0
925 10 29 0
926 30 31 0
927 32 32 0
928 33 36 0
929 37 48 0
930 49 91 0
931 92 99 0
932 0 99 0
933 0 87 0
934 88 88 0
935 89 98 0
936 99 99 0
937 0 25 0
938 26 26 0
939 27 31 0
940 32 38 0
941 39 43 0
942 44 44 0
943 45 45 0
944 46 50 0
945 51 57 0
946 58 58 0
947 59 83 0
948 84 85 0
949 86 99 0
950 0 6 0
951 7 56 0
952 57 57 0
953 58 59 0
954 60 68 0
955 69 71 0
956 72 72 0
957 73 99 0
958 0 8 0
959 9 10 0
960 11 29 0
961 30 99 0
962 0 1 0
963 2 12 0
964 13 13 0
965 14 66 0
966 67 67 0
967 68 72 0
968 73 73 0
969 74 75 0
970 76 77 0
971 78 79 0
972 80 91 0
973 92 93 0
974 94 96 0
975 97 99 0
976 0 30 0
977 31 56 0
978 57 59 0
979 60 60 0
980 61 79 0
981 80 80 0
982 81 82 0
983 83 95 0
984 96 96 0
985 97 99 0
986 0 20 0
987 21 21 0
988 22 22 0
989 23 23 0
990 24 25 0
991 26 28 0
992 29 30 0
993 31 43 0
994 44 44 0
995 45 47 0
996 48 48 0
997 49 52 0
998 53 53 0
999 54 54 0
1000 55 67 0
1001 68 70 0
1002 71 94 0
1003 95 98 0
1004 99 99 0
1005 0 21 0
1006 22 28 0
1007 29 31 0
1008 32 46 0
1009 47 47 0
1010 48 49 0
1011 50 61 0
1012 62 99 0
1013 0 17 0
1014 18 19 0
1015 20 20 0
1016 21 23 0
1017 24 25 0
1018 26 27 0
1019 28 54 0
1020 55 55 0
1021 56 62 0
1022 63 65 0
1023 66 70 0
1024 71 73 0
1025 74 77 0
1026 78 99 0
1027 0 36 0
1028 37 65 0
1029 66 68 0
1030 69 75 0
1031 76 76 0
1032 77 99 0
1033 0 61 0
1034 62 63 0
1035 64 64 0
1036 65 66 0
1037 67 69 0
1038 70 99 0
1039 0 12 0
1040 13 14 0
1041 15 29 0
1042 30 62 0
1043 63 63 0
1044 64 65 0
1045 66 87 0
1046 88 93 0
1047 94 94 0
1048 95 97 0
1049 98 99 0
1050 0 99 0
1051 0 99 0
1052 0 99 0
1053 0 46 0
1054 47 50 0
1055 51 54 0
1056 55 55 0
1057 56 56 0
1058 57 60 0
1059 61 63 0
1060 64 73 0
1061 74 99 0
1062 0 2 0
1063 3 3 0
1064 4 99 0
1065 0 99 0
1066 0 26 0
1067 27 29 0
1068 30 31 0
1069 32 32 0
1070 33 99 0
1071 0 99 0
1072 0 79 0
1073 80 81 0
1074 82 83 0
1075 84 86 0
1076 87 87 0
1077 88 90 0
1078 91 99 0
1079 0 0 0
1080 1 5 0
1081 6 30 0
1082 31 99 0
1083 0 99 0
1084 0 81 0
1085 82 82 0
1086 83 88 0
1087 89 90 0
1088 91 94 0
1089 95 99 0
1090 0 2 0
1091 3 5 0
1092 6 16 0
1093 17 24 0
1094 25 50 0
1095 51 51 0
1096 52 52 0
1097 53 53 0
1098 54 57 0
1099 58 61 0
1100 62 63 0
1101 64 64 0
1102 65 89 0
1103 90 99 0
1104 0 56 0
1105 57 99 0
1106 0 41 0
1107 42 42 0
1108 43 66 0
1109 67 67 0
1110 68 70 0
1111 71 85 0
1112 86 89 0
1113 90 90 0
1114 91 92 0
1115 93 93 0
1116 94 94 0
1117 95 97 0
1118 98 98 0
1119 99 99 0
1120 0 99 0
1121 0 99 0
1122 0 99 0
1123 0 99 0
1124 0 99 0
1125 0 99 0
1126 0 99 0
1127 0 96 0
1128 97 97 0
1129 98 99 0
1130 0 99 0
1131 0 0 0
1132 1 1 0
1133 2 2 0
1134 3 3 0
1135 4 7 0
1136 8 8 0
1137 9 13 0
1138 14 16 0
1139 17 17 0
1140 18 28 0
1141 29 47 0
1142 48 51 0
1143 52 54 0
1144 55 62 0
1145 63 63 0
1146 64 64 0
1147 65 65 0
1148 66 84 0
1149 85 86 0
1150 87 97 0
1151 98 99 0
1152 0 99 0
1153 0 21 0
1154 22 23 0
1155 24 25 0
1156 26 99 0
1157 0 99 0
1158 0 99 0
1159 0 5 0
1160 6 6 0
1161 7 10 0
1162 11 13 0
1163 14 19 0
1164 20 49 0
1165 50 57 0
1166 58 58 0
1167 59 62 0
1168 63 65 0
1169 66 66 0
1170 67 67 0
1171 68 68 0
1172 69 77 0
1173 78 93 0
1174 94 95 0
1175 96 99 0
1176 0 99 0
1177 0 99 0
1178 0 6 0
1179 7 50 0
1180 51 57 0
1181 58 59 0
1182 60 60 0
1183 61 68 0
1184 69 70 0
1185 71 71 0
1186 72 72 0
1187 73 99 0
1188 0 21 0
1189 22 23 0
1190 24 24 0
1191 25 41 0
1192 42 50 0
1193 51 51 0
1194 52 99 0
1195 0 4 0
1196 5 5 0
1197 6 6 0
1198 7 8 0
1199 9 9 0
1200 10 10 0
1201 11 49 0
1202 50 59 0
1203 60 99 0
1204 0 51 0
1205 52 64 0
1206 65 99 0
1207 0 23 0
1208 24 53 0
1209 54 60 0
1210 61 65 0
1211 66 69 0
1212 70 97 0
1213 98 99 0
1214 0 99 0
1215 0 99 0
1216 0 35 0
1217 36 45 0
1218 46 54 0
1219 55 56 0
1220 57 60 0
1221 61 68 0
1222 69 87 0
1223 88 91 0
1224 92 93 0
1225 94 94 0
1226 95 99 0
1227 0 70 0
1228 71 73 0
1229 74 83 0
1230 84 85 0
1231 86 99 0
1232 0 99 0
1233 0 58 0
1234 59 61 0
1235 62 99 0
1236 0 41 0
1237 42 43 0
1238 44 45 0
1239 46 46 0
1240 47 47 0
1241 48 48 0
1242 49 52 0
1243 53 56 0
1244 57 58 0
1245 59 61 0
1246 62 73 0
1247 74 74 0
1248 75 75 0
1249 76 90 0
1250 91 96 0
1251 97 99 0
1252 0 39 0
1253 40 58 0
1254 59 74 0
1255 75 76 0
1256 77 80 0
1257 81 82 0
1258 83 99 0
1259 0 99 0
1260 0 99 0
1261 0 0 0
1262 1 1 0
1263 2 2 0
1264 3 6 0
1265 7 63 0
1266 64 64 0
1267 65 99 0
1268 0 1 0
1269 2 4 0
1270 5 5 0
1271 6 7 0
1272 8 26 0
1273 27 28 0
1274 29 30 0
1275 31 31 0
1276 32 77 0
1277 78 84 0
1278 85 97 0
1279 98 99 0
1280 0 52 0
1281 53 53 0
1282 54 54 0
1283 55 55 0
1284 56 81 0
1285 82 99 0
1286 0 99 0
1287 0 94 0
1288 95 99 0
1289 0 0 0
1290 1 13 0
1291 14 14 0
1292 15 75 0
1293 76 77 0
1294 78 78 0
1295 79 79 0
1296 80 95 0
1297 96 96 0
1298 97 99 0
1299 0 91 0
1300 92 93 0
1301 94 99 0
1302 0 51 0
1303 52 52 0
1304 53 54 0
1305 55 55 0
1306 56 80 0
1307 81 99 0
1308 0 99 0
1309 0 43 0
1310 44 69 0
1311 70 95 0
1312 96 99 0
1313 0 33 0
1314 34 34 0
1315 35 35 0
1316 36 36 0
1317 37 37 0
1318 38 38 0
1319 39 45 0
1320 46 46 0
1321 47 48 0
1322 49 50 0
1323 51 51 0
1324 52 99 0
1325 0 4 0
1326 5 7 0
1327 8 42 0
1328 43 43 0
1329 44 47 0
1330 48 68 0
1331 69 69 0
1332 70 92 0
1333 93 97 0
1334 98 99 0
1335 0 99 0
1336 0 73 0
1337 74 75 0
1338 76 82 0
1339 83 84 0
1340 85 97 0
1341 98 99 0
1342 0 99 0
1343 0 96 0
1344 97 98 0
1345 99 99 0
1346 0 28 0
1347 29 99 0
1348 0 99 0
1349 0 20 0
1350 21 36 0
1351 37 37 0
1352 38 42 0
1353 43 85 0
1354 86 99 0
1355 0 99 0
1356 0 1 0
1357 2 10 0
1358 11 85 0
1359 86 87 0
1360 88 89 0
1361 90 99 0
1362 0 70 0
1363 71 76 0
1364 77 83 0
1365 84 99 0
1366 0 42 0
1367 43 43 0
1368 44 48 0
1369 49 99 0
1370 0 0 0
1371 1 3 0
1372 4 5 0
1373 6 12 0
1374 13 18 0
1375 19 20 0
1376 21 99 0
1377 0 99 0
1378 0 3 0
1379 4 4 0
1380 5 8 0
1381 9 22 0
1382 23 99 0
1383 0 99 0
1384 0 50 0
1385 51 51 0
1386 52 52 0
1387 53 53 0
1388 54 54 0
1389 55 56 0
1390 57 70 0
1391 71 71 0
1392 72 78 0
1393 79 79 0
1394 80 80 0
1395 81 82 0
1396 83 83 0
1397 84 84 0
1398 85 85 0
1399 86 88 0
1400 89 89 0
1401 90 99 0
1402 0 3 0
1403 4 8 0
1404 9 21 0
1405 22 22 0
1406 23 23 0
1407 24 34 0
1408 35 35 0
1409 36 38 0
1410 39 40 0
1411 41 42 0
1412 43 99 0
1413 0 14 0
1414 15 15 0
1415 16 21 0
1416 22 31 0
1417 32 34 0
1418 35 36 0
1419 37 99 0
1420 0 99 0
1421 0 99 0
1422 0 17 0
1423 18 19 0
1424 20 24 0
1425 25 26 0
1426 27 32 0
1427 33 33 0
1428 34 37 0
1429 38 38 0
1430 39 42 0
1431 43 44 0
1432 45 99 0
1433 0 48 0
1434 49 51 0
1435 52 99 0
1436 0 99 0
1437 0 99 0
1438 0 16 0
1439 17 18 0
1440 19 20 0
1441 21 21 0
1442 22 22 0
1443 23 84 0
1444 85 85 0
1445 86 87 0
1446 88 89 0
1447 90 90 0
1448 91 95 0
1449 96 96 0
1450 97 99 0
1451 0 0 0
1452 1 1 0
1453 2 5 0
1454 6 6 0
1455 7 19 0
1456 20 20 0
1457 21 21 0
1458 22 22 0
1459 23 70 0
1460 71 73 0
1461 74 76 0
1462 77 99 0
1463 0 99 0
1464 0 99 0
1465 0 28 0
1466 29 38 0
1467 39 40 0
1468 41 63 0
1469 64 64 0
1470 65 65 0
1471 66 74 0
1472 75 75 0
1473 76 90 0
1474 91 91 0
1475 92 92 0
1476 93 93 0
1477 94 94 0
1478 95 95 0
1479 96 97 0
1480 98 99 0
1481 0 14 0
1482 15 17 0
1483 18 19 0
1484 20 21 0
1485 22 23 0
1486 24 24 0
1487 25 27 0
1488 28 30 0
1489 31 50 0
1490 51 58 0
1491 59 78 0
1492 79 80 0
1493 81 81 0
1494 82 85 0
1495 86 99 0
1496 0 26 0
1497 27 73 0
1498 74 75 0
1499 76 99 0
1500 0 46 0
1501 47 50 0
1502 51 66 0
1503 67 72 0
1504 73 73 0
1505 74 97 0
1506 98 98 0
1507 99 99 0
1508 0 19 0
1509 20 21 0
1510 22 22 0
1511 23 37 0
1512 38 40 0
1513 41 41 0
1514 42 48 0
1515 49 50 0
1516 51 52 0
1517 53 54 0
1518 55 55 0
1519 56 56 0
1520 57 57 0
1521 58 59 0
1522 60 67 0
1523 68 69 0
1524 70 70 0
1525 71 71 0
1526 72 72 0
1527 73 74 0
1528 75 75 0
1529 76 78 0
1530 79 81 0
1531 82 83 0
1532 84 94 0
1533 95 99 0
1534 0 87 0
1535 88 88 0
1536 89 91 0
1537 92 92 0
1538 93 97 0
1539 98 99 0
1540 0 98 0
1541 99 99 0
1542 0 53 0
1543 54 61 0
1544 62 62 0
1545 63 64 0
1546 65 99 0
1547 0 33 0
1548 34 34 0
1549 35 39 0
1550 40 75 0
1551 76 76 0
1552 77 78 0
1553 79 88 0
1554 89 89 0
1555 90 97 0
1556 98 98 0
1557 99 99 0
1558 0 78 0
1559 79 79 0
1560 80 81 0
1561 82 84 0
1562 85 85 0
1563 86 92 0
1564 93 99 0
1565 0 99 0
1566 0 59 0
1567 60 63 0
1568 64 64 0
1569 65 86 0
1570 87 93 0
1571 94 99 0
1572 0 18 0
1573 19 99 0
1574 0 99 0
1575 0 3 0
1576 4 13 0
1577 14 82 0
1578 83 86 0
1579 87 88 0
1580 89 99 0
1581 0 82 0
1582 83 83 0
1583 84 99 0
1584 0 99 0
1585 0 4 0
1586 5 5 0
1587 6 6 0
1588 7 7 0
1589 8 8 0
1590 9 16 0
1591 17 68 0
1592 69 70 0
1593 71 99 0
1594 0 99 0
1595 0 14 0
1596 15 18 0
1597 19 23 0
1598 24 24 0
1599 25 25 0
1600 26 26 0
1601 27 27 0
1602 28 28 0
1603 29 99 0
1604 0 99 0
1605 0 99 0
1606 0 5 0
1607 6 37 0
1608 38 39 0
1609 40 59 0
1610 60 67 0
1611 68 73 0
1612 74 75 0
1613 76 99 0
1614 0 99 0
1615 0 99 0
1616 0 0 0
1617 1 4 0
1618 5 5 0
1619 6 6 0
1620 7 8 0
1621 9 39 0
1622 40 40 0
1623 41 48 0
1624 49 99 0
1625 0 99 0
1626 0 17 0
1627 18 19 0
1628 20 21 0
1629 22 22 0
1630 23 57 0
1631 58 66 0
1632 67 80 0
1633 81 98 0
1634 99 99 0
1635 0 34 0
1636 35 37 0
1637 38 38 0
1638 39 39 0
1639 40 42 0
1640 43 52 0
1641 53 57 0
1642 58 59 0
1643 60 72 0
1644 73 74 0
1645 75 76 0
1646 77 77 0
1647 78 78 0
1648 79 79 0
1649 80 80 0
1650 81 91 0
1651 92 99 0
1652 0 99 0
1653 0 99 0
1654 0 99 0
1655 0 19 0
1656 20 20 0
1657 21 27 0
1658 28 28 0
1659 29 33 0
1660 34 35 0
1661 36 38 0
1662 39 43 0
1663 44 44 0
1664 45 51 0
1665 52 55 0
1666 56 56 0
1667 57 76 0
1668 77 77 0
1669 78 83 0
1670 84 89 0
1671 90 90 0
1672 91 92 0
1673 93 99 0
1674 0 36 0
1675 37 43 0
1676 44 48 0
1677 49 54 0
1678 55 56 0
1679 57 73 0
1680 74 74 0
1681 75 75 0
1682 76 88 0
1683 89 97 0
1684 98 99 0
1685 0 17 0
1686 18 99 0
1687 0 8 0
1688 9 9 0
1689 10 99 0
1690 0 0 0
1691 1 1 0
1692 2 2 0
1693 3 5 0
1694 6 7 0
1695 8 9 0
1696 10 11 0
1697 12 25 0
1698 26 86 0
1699 87 99 0
1700 0 99 0
1701 0 45 0
1702 46 47 0
1703 48 51 0
1704 52 52 0
1705 53 71 0
1706 72 89 0
1707 90 90 0
1708 91 96 0
1709 97 99 0
1710 0 99 0
1711 0 11 0
1712 12 13 0
1713 14 99 0
1714 0 6 0
1715 7 99 0
1716 0 1 0
1717 2 9 0
1718 10 16 0
1719 17 17 0
1720 18 30 0
1721 31 42 0
1722 43 70 0
1723 71 71 0
1724 72 72 0
1725 73 84 0
1726 85 85 0
1727 86 86 0
1728 87 93 0
1729 94 94 0
1730 95 95 0
1731 96 96 0
1732 97 98 0
1733 99 99 0
1734 0 3 0
1735 4 4 0
1736 5 5 0
1737 6 6 0
1738 7 21 0
1739 22 22 0
1740 23 28 0
1741 29 29 0
1742 30 30 0
1743 31 37 0
1744 38 38 0
1745 39 39 0
1746 40 42 0
1747 43 44 0
1748 45 88 0
1749 89 93 0
1750 94 96 0
1751 97 99 0
1752 0 99 0
1753 0 2 0
1754 3 3 0
1755 4 39 0
1756 40 45 0
1757 46 47 0
1758 48 88 0
1759 89 89 0
1760 90 91 0
1761 92 92 0
1762 93 93 0
1763 94 99 0
1764 0 99 0
1765 0 8 0
1766 9 9 0
1767 10 10 0
1768 11 99 0
1769 0 99 0
1770 0 67 0
1771 68 68 0
1772 69 73 0
1773 74 74 0
1774 75 76 0
1775 77 77 0
1776 78 81 0
1777 82 99 0
1778 0 99 0
1779 0 99 0
1780 0 24 0
1781 25 26 0
1782 27 27 0
1783 28 28 0
1784 29 63 0
1785 64 65 0
1786 66 99 0
1787 0 23 0
1788 24 24 0
1789 25 67 0
1790 68 68 0
1791 69 99 0
1792 0 1 0
1793 2 18 0
1794 19 19 0
1795 20 35 0
1796 36 36 0
1797 37 39 0
1798 40 40 0
1799 41 53 0
1800 54 54 0
1801 55 55 0
1802 56 57 0
1803 58 58 0
1804 59 99 0
1805 0 99 0
1806 0 15 0
1807 16 52 0
1808 53 55 0
1809 56 66 0
1810 67 67 0
1811 68 99 0
1812 0 99 0
1813 0 44 0
1814 45 67 0
1815 68 99 0
1816 0 2 0
1817 3 3 0
1818 4 15 0
1819 16 16 0
1820 17 99 0
1821 0 47 0
1822 48 99 0
1823 0 99 0
1824 0 99 0
1825 0 73 0
1826 74 78 0
1827 79 99 0
1828 0 38 0
1829 39 39 0
1830 40 44 0
1831 45 51 0
1832 52 99 0
1833 0 58 0
1834 59 62 0
1835 63 65 0
1836 66 73 0
1837 74 95 0
1838 96 99 0
1839 0 9 0
1840 10 10 0
1841 11 11 0
1842 12 18 0
1843 19 75 0
1844 76 76 0
1845 77 85 0
1846 86 86 0
1847 87 99 0
1848 0 99 0
1849 0 9 0
1850 10 10 0
1851 11 13 0
1852 14 17 0
1853 18 18 0
1854 19 21 0
1855 22 99 0
1856 0 16 0
1857 17 17 0
1858 18 20 0
1859 21 99 0
1860 0 99 0
1861 0 84 0
1862 85 86 0
1863 87 88 0
1864 89 91 0
1865 92 99 0
1866 0 99 0
1867 0 13 0
1868 14 21 0
1869 22 24 0
1870 25 99 0
1871 0 88 0
1872 89 91 0
1873 92 99 0
1874 0 86 0
1875 87 99 0
1876 0 99 0
1877 0 17 0
1878 18 26 0
1879 27 28 0
1880 29 56 0
1881 57 62 0
1882 63 63 0
1883 64 65 0
1884 66 99 0
1885 0 99 0
1886 0 0 0
1887 1 2 0
1888 3 3 0
1889 4 7 0
1890 8 9 0
1891 10 12 0
1892 13 15 0
1893 16 16 0
1894 17 43 0
1895 44 46 0
1896 47 49 0
1897 50 50 0
1898 51 58 0
1899 59 71 0
1900 72 73 0
1901 74 79 0
1902 80 81 0
1903 82 99 0
1904 0 36 0
1905 37 41 0
1906 42 57 0
1907 58 58 0
1908 59 59 0
1909 60 61 0
1910 62 63 0
1911 64 74 0
1912 75 98 0
1913 99 99 0
1914 0 36 0
1915 37 54 0
1916 55 56 0
1917 57 99 0
1918 0 99 0
1919 0 36 0
1920 37 37 0
1921 38 45 0
1922 46 46 0
1923 47 99 0
1924 0 99 0
1925 0 99 0
1926 0 22 0
1927 23 23 0
1928 24 25 0
1929 26 39 0
1930 40 40 0
1931 41 47 0
1932 48 48 0
1933 49 50 0
1934 51 51 0
1935 52 53 0
1936 54 54 0
1937 55 59 0
1938 60 60 0
1939 61 62 0
1940 63 63 0
1941 64 64 0
1942 65 67 0
1943 68 69 0
1944 70 75 0
1945 76 77 0
1946 78 79 0
1947 80 81 0
1948 82 88 0
1949 89 89 0
1950 90 91 0
1951 92 95 0
1952 96 99 0
1953 0 81 0
1954 82 87 0
1955 88 88 0
1956 89 89 0
1957 90 91 0
1958 92 92 0
1959 93 94 0
1960 95 96 0
1961 97 97 0
1962 98 98 0
1963 99 99 0
1964 0 99 0
1965 0 3 0
1966 4 8 0
1967 9 9 0
1968 10 65 0
1969 66 75 0
1970 76 76 0
1971 77 99 0
1972 0 79 0
1973 80 80 0
1974 81 99 0
1975 0 14 0
1976 15 15 0
1977 16 16 0
1978 17 17 0
1979 18 24 0
1980 25 33 0
1981 34 36 0
1982 37 38 0
1983 39 53 0
1984 54 59 0
1985 60 60 0
1986 61 99 0
1987 0 99 0
1988 0 99 0
1989 0 40 0
1990 41 41 0
1991 42 50 0
1992 51 51 0
1993 52 63 0
1994 64 99 0
1995 0 99 0
1996 0 31 0
1997 32 33 0
1998 34 99 0
1999 0 99 0
2000 0 19 0
2001 20 20 0
2002 21 21 0
2003 22 24 0
2004 25 26 0
2005 27 58 0
2006 59 59 0
2007 60 65 0
2008 66 66 0
2009 67 69 0
2010 70 70 0
2011 71 71 0
2012 72 72 0
2013 73 79 0
2014 80 81 0
2015 82 83 0
2016 84 89 0
2017 90 92 0
2018 93 97 0
2019 98 99 0
2020 0 99 0
2021 0 8 0
2022 9 12 0
2023 13 25 0
2024 26 99 0
2025 0 78 0
2026 79 80 0
2027 81 99 0
2028 0 28 0
2029 29 30 0
2030 31 32 0
2031 33 33 0
2032 34 37 0
2033 38 48 0
2034 49 59 0
2035 60 99 0
2036 0 22 0
2037 23 23 0
2038 24 24 0
2039 25 28 0
2040 29 29 0
2041 30 31 0
2042 32 35 0
2043 36 42 0
2044 43 43 0
2045 44 44 0
2046 45 45 0
2047 46 99 0
2048 0 99 0
2049 0 22 0
2050 23 24 0
2051 25 26 0
2052 27 27 0
2053 28 28 0
2054 29 30 0
2055 31 99 0
2056 0 73 0
2057 74 79 0
2058 80 99 0
2059 0 1 0
2060 2 2 0
2061 3 14 0
2062 15 38 0
2063 39 45 0
2064 46 76 0
2065 77 77 0
2066 78 99 0
2067 0 17 0
2068 18 19 0
2069 20 20 0
2070 21 23 0
2071 24 27 0
2072 28 30 0
2073 31 33 0
2074 34 34 0
2075 35 35 0
2076 36 37 0
2077 38 38 0
2078 39 39 0
2079 40 41 0
2080 42 43 0
2081 44 49 0
2082 50 50 0
2083 51 99 0
2084 0 19 0
2085 20 31 0
2086 32 32 0
2087 33 35 0
2088 36 99 0
2089 0 99 0
2090 0 77 0
2091 78 81 0
2092 82 82 0
2093 83 99 0
2094 0 99 0
2095 0 99 0
2096 0 34 0
2097 35 35 0
2098 36 37 0
2099 38 38 0
2100 39 41 0
2101 42 43 0
2102 44 44 0
2103 45 48 0
2104 49 62 0
2105 63 99 0
2106 0 99 0
2107 0 53 0
2108 54 54 0
2109 55 56 0
2110 57 94 0
2111 95 99 0
2112 0 0 0
2113 1 1 0
2114 2 9 0
2115 10 10 0
2116 11 11 0
2117 12 12 0
2118 13 99 0
2119 0 99 0
2120 0 8 0
2121 9 11 0
2122 12 13 0
2123 14 16 0
2124 17 25 0
2125 26 26 0
2126 27 28 0
2127 29 33 0
2128 34 84 0
2129 85 85 0
2130 86 99 0
2131 0 50 0
2132 51 55 0
2133 56 99 0
2134 0 0 0
2135 1 32 0
2136 33 34 0
2137 35 36 0
2138 37 37 0
2139 38 42 0
2140 43 44 0
2141 45 47 0
2142 48 51 0
2143 52 57 0
2144 58 79 0
2145 80 80 0
2146 81 81 0
2147 82 82 0
2148 83 83 0
2149 84 84 0
2150 85 86 0
2151 87 87 0
2152 88 90 0
2153 91 92 0
2154 93 93 0
2155 94 99 0
2156 0 3 0
2157 4 4 0
2158 5 14 0
2159 15 17 0
2160 18 18 0
2161 19 19 0
2162 20 20 0
2163 21 21 0
2164 22 22 0
2165 23 26 0
2166 27 28 0
2167 29 29 0
2168 30 31 0
2169 32 55 0
2170 56 56 0
2171 57 58 0
2172 59 59 0
2173 60 60 0
2174 61 61 0
2175 62 63 0
2176 64 65 0
2177 66 72 0
2178 73 77 0
2179 78 99 0
2180 0 1 0
2181 2 2 0
2182 3 4 0
2183 5 7 0
2184 8 11 0
2185 12 12 0
2186 13 15 0
2187 16 26 0
2188 27 27 0
2189 28 29 0
2190 30 30 0
2191 31 31 0
2192 32 32 0
2193 33 33 0
2194 34 36 0
2195 37 44 0
2196 45 45 0
2197 46 55 0
2198 56 56 0
2199 57 62 0
2200 63 67 0
2201 68 68 0
2202 69 69 0
2203 70 74 0
2204 75 88 0
2205 89 99 0
2206 0 4 0
2207 5 5 0
2208 6 12 0
2209 13 22 0
2210 23 34 0
2211 35 35 0
2212 36 50 0
2213 51 51 0
2214 52 52 0
2215 53 53 0
2216 54 68 0
2217 69 69 0
2218 70 74 0
2219 75 83 0
2220 84 86 0
2221 87 99 0
2222 0 99 0
2223 0 9 0
2224 10 21 0
2225 22 99 0
2226 0 99 0
