0 0 19 0
1 0 19 0
2 0 19 0
3 0 19 0
4 0 19 0
5 0 19 0
11 0 19 0
12 0 0 0
13 1 1 0
14 2 4 0
15 5 10 0
16 11 15 0
17 16 19 0
18 0 19 0
19 0 19 0
20 0 19 0
21 0 19 0
22 0 19 0
24 0 19 0
25 0 19 0
26 0 19 0
27 0 19 0
28 0 19 0
29 0 19 0
36 0 19 0
37 0 19 0
38 0 7 0
39 8 9 0
40 10 10 0
41 11 19 0
43 0 3 0
44 4 19 0
51 0 19 0
52 0 4 0
53 5 14 0
54 15 15 0
55 16 19 0
63 0 6 0
64 7 7 0
65 8 17 0
66 18 19 0
87 0 19 0
88 0 19 0
89 0 19 0
90 0 19 0
91 0 19 0
92 0 19 0
93 0 19 0
94 0 19 0
95 0 19 0
96 0 19 0
97 0 19 0
103 0 19 0
104 0 19 0
105 0 19 0
106 0 19 0
107 0 19 0
108 0 19 0
112 0 19 0
113 0 19 0
114 0 19 0
115 0 19 0
117 0 19 0
118 0 19 0
119 0 19 0
120 0 19 0
121 0 19 0
122 0 19 0
128 0 19 0
133 0 19 0
134 0 19 0
135 0 19 0
136 0 19 0
137 0 19 0
138 0 9 0
139 10 10 0
140 11 11 0
141 12 19 0
153 0 19 0
154 0 19 0
155 0 19 0
165 0 19 0
168 0 19 0
172 0 1 0
173 2 5 0
174 6 19 0
176 0 19 0
177 0 15 0
178 16 16 0
179 17 17 0
180 18 19 0
194 0 19 0
196 0 19 0
197 0 19 0
198 0 5 0
199 6 16 0
200 17 17 0
201 18 18 0
202 19 19 0
210 0 19 0
211 0 19 0
212 0 19 0
213 0 19 0
214 0 19 0
215 0 19 0
216 0 19 0
217 0 17 0
218 18 19 0
219 0 19 0
220 0 19 0
221 0 19 0
222 0 19 0
223 0 19 0
224 0 19 0
225 0 19 0
233 0 19 0
234 0 19 0
235 0 19 0
236 0 19 0
242 0 19 0
243 0 19 0
246 0 19 0
247 0 19 0
248 0 19 0
249 0 19 0
250 0 12 0
251 13 14 0
252 15 19 0
266 0 19 0
267 0 19 0
268 0 19 0
269 0 15 0
270 16 16 0
271 17 19 0
287 0 19 0
288 0 19 0
289 0 19 0
290 0 19 0
311 0 19 0
312 0 19 0
313 0 19 0
322 0 19 0
323 0 19 0
324 0 19 0
325 0 19 0
332 0 19 0
333 0 19 0
334 0 19 0
339 0 19 0
340 0 19 0
341 0 9 0
342 10 19 0
345 0 19 0
346 0 19 0
347 0 19 0
348 0 19 0
349 0 19 0
350 0 19 0
351 0 19 0
356 0 19 0
357 0 19 0
358 0 19 0
359 0 19 0
360 0 19 0
361 0 19 0
362 0 0 0
363 1 19 0
389 0 19 0
390 0 19 0
392 0 10 0
393 11 11 0
394 12 13 0
395 14 16 0
396 17 19 0
411 0 16 0
412 17 19 0
415 0 2 0
416 3 4 0
417 5 5 0
418 6 6 0
419 7 8 0
420 9 9 0
421 10 19 0
429 0 15 0
430 16 19 0
431 0 19 0
433 0 19 0
434 0 19 0
435 0 19 0
436 0 19 0
437 0 2 0
438 3 6 0
439 7 10 0
440 11 14 0
441 15 19 0
451 0 19 0
452 0 19 0
455 0 19 0
456 0 19 0
457 0 19 0
458 0 19 0
462 0 19 0
463 0 19 0
464 0 19 0
465 0 19 0
469 0 19 0
470 0 5 0
471 6 12 0
472 13 13 0
473 14 19 0
482 0 19 0
483 0 19 0
484 0 19 0
488 0 19 0
489 0 19 0
492 0 7 0
493 8 10 0
494 11 13 0
495 14 19 0
498 0 19 0
501 0 19 0
504 0 19 0
505 0 19 0
512 0 19 0
513 0 19 0
514 0 19 0
515 0 19 0
520 0 19 0
526 0 19 0
527 0 19 0
528 0 19 0
529 0 19 0
531 0 16 0
532 17 17 0
533 18 19 0
540 0 2 0
541 3 3 0
542 4 6 0
543 7 19 0
550 0 19 0
551 0 19 0
556 0 19 0
558 0 19 0
563 0 19 0
564 0 19 0
565 0 19 0
568 0 19 0
569 0 19 0
570 0 19 0
571 0 19 0
572 0 11 0
573 12 12 0
574 13 19 0
575 0 19 0
576 0 19 0
577 0 19 0
578 0 19 0
579 0 2 0
580 3 19 0
582 0 19 0
583 0 19 0
584 0 2 0
585 3 3 0
586 4 4 0
587 5 6 0
588 7 8 0
589 9 19 0
603 0 19 0
604 0 19 0
607 0 19 0
608 0 19 0
609 0 19 0
610 0 19 0
611 0 19 0
612 0 19 0
613 0 19 0
614 0 19 0
615 0 19 0
616 0 1 0
617 2 6 0
618 7 8 0
619 9 9 0
620 10 10 0
621 11 12 0
622 13 19 0
632 0 19 0
633 0 19 0
638 0 19 0
639 0 19 0
640 0 19 0
652 0 19 0
653 0 19 0
654 0 19 0
656 0 19 0
668 0 19 0
679 0 19 0
680 0 19 0
690 0 19 0
691 0 19 0
692 0 19 0
693 0 19 0
694 0 19 0
695 0 19 0
696 0 19 0
697 0 19 0
698 0 19 0
699 0 19 0
700 0 3 0
701 4 4 0
702 5 5 0
703 6 7 0
704 8 8 0
705 9 9 0
706 10 10 0
707 11 19 0
709 0 7 0
710 8 19 0
718 0 19 0
719 0 19 0
720 0 19 0
721 0 2 0
722 3 19 0
725 0 19 0
726 0 19 0
727 0 19 0
728 0 19 0
729 0 19 0
730 0 12 0
731 13 14 0
732 15 17 0
733 18 19 0
737 0 19 0
738 0 19 0
739 0 19 0
740 0 19 0
741 0 19 0
742 0 19 0
743 0 19 0
745 0 19 0
746 0 6 0
747 7 19 0
749 0 19 0
750 0 19 0
751 0 2 0
752 3 15 0
753 16 19 0
766 0 19 0
767 0 9 0
768 10 10 0
769 11 13 0
770 14 19 0
776 0 19 0
777 0 19 0
778 0 14 0
779 15 19 0
786 0 19 0
792 0 19 0
793 0 19 0
794 0 19 0
797 0 19 0
798 0 19 0
799 0 19 0
800 0 19 0
812 0 1 0
813 2 6 0
814 7 8 0
815 9 10 0
816 11 19 0
827 0 19 0
828 0 19 0
829 0 19 0
830 0 19 0
840 0 0 0
841 1 2 0
842 3 4 0
843 5 6 0
844 7 19 0
845 0 19 0
846 0 19 0
852 0 19 0
853 0 19 0
854 0 19 0
855 0 19 0
857 0 19 0
858 0 19 0
859 0 19 0
860 0 19 0
862 0 19 0
863 0 8 0
864 9 9 0
865 10 10 0
866 11 11 0
867 12 12 0
868 13 19 0
870 0 19 0
871 0 19 0
872 0 19 0
883 0 19 0
884 0 19 0
893 0 19 0
894 0 19 0
895 0 19 0
901 0 19 0
904 0 19 0
905 0 1 0
906 2 12 0
907 13 13 0
908 14 14 0
909 15 15 0
910 16 17 0
911 18 18 0
912 19 19 0
921 0 19 0
922 0 19 0
929 0 19 0
932 0 19 0
933 0 19 0
934 0 19 0
935 0 19 0
942 0 19 0
943 0 19 0
947 0 19 0
954 0 1 0
955 2 4 0
956 5 8 0
957 9 9 0
958 10 11 0
959 12 19 0
970 0 19 0
971 0 19 0
972 0 19 0
973 0 19 0
976 0 19 0
990 0 0 0
991 1 1 0
992 2 5 0
993 6 19 0
999 0 2 0
1000 3 3 0
1001 4 15 0
1002 16 16 0
1003 17 17 0
1004 18 18 0
1005 19 19 0
1016 0 19 0
1017 0 11 0
1018 12 13 0
1019 14 19 0
1020 0 19 0
1021 0 19 0
1025 0 19 0
1026 0 19 0
1027 0 19 0
1028 0 19 0
1029 0 18 0
1030 19 19 0
1032 0 19 0
1037 0 7 0
1038 8 8 0
1039 9 9 0
1040 10 19 0
1043 0 19 0
1044 0 19 0
1050 0 19 0
1051 0 19 0
1052 0 10 0
1053 11 13 0
1054 14 19 0
1059 0 19 0
1060 0 19 0
1061 0 19 0
1062 0 19 0
1063 0 19 0
1064 0 19 0
1065 0 0 0
1066 1 1 0
1067 2 19 0
1078 0 19 0
1079 0 19 0
1092 0 19 0
1098 0 19 0
1099 0 19 0
1100 0 19 0
1101 0 19 0
1108 0 19 0
1109 0 19 0
1110 0 19 0
1111 0 19 0
1115 0 19 0
1116 0 2 0
1117 3 9 0
1118 10 13 0
1119 14 19 0
1131 0 19 0
1132 0 19 0
1133 0 19 0
1134 0 19 0
1135 0 19 0
1136 0 19 0
1137 0 19 0
1144 0 19 0
1145 0 19 0
1146 0 13 0
1147 14 19 0
1150 0 19 0
1151 0 19 0
1160 0 19 0
1161 0 19 0
1162 0 19 0
1163 0 19 0
1164 0 19 0
1165 0 19 0
1166 0 19 0
1173 0 19 0
1174 0 19 0
1177 0 19 0
1178 0 19 0
1179 0 19 0
1183 0 19 0
1184 0 19 0
1186 0 19 0
1187 0 7 0
1188 8 8 0
1189 9 9 0
1190 10 11 0
1191 12 19 0
1197 0 19 0
1211 0 19 0
1215 0 19 0
1216 0 19 0
1217 0 19 0
1218 0 19 0
1219 0 19 0
1220 0 19 0
1221 0 19 0
1222 0 3 0
1223 4 4 0
1224 5 19 0
1233 0 19 0
1234 0 19 0
1245 0 19 0
1246 0 1 0
1247 2 19 0
1248 0 15 0
1249 16 16 0
1250 17 19 0
1264 0 4 0
1265 5 5 0
1266 6 7 0
1267 8 11 0
1268 12 12 0
1269 13 13 0
1270 14 16 0
1271 17 17 0
1272 18 18 0
1273 19 19 0
1294 0 19 0
1299 0 19 0
1300 0 19 0
1303 0 19 0
