0 0 99 0
1 0 99 0
2 0 99 0
3 0 99 0
4 0 99 0
5 0 24 0
6 25 25 0
7 26 26 0
8 27 27 0
9 28 66 0
10 67 71 0
11 72 72 0
12 73 74 0
13 75 77 0
14 78 99 0
15 0 99 0
16 0 1 0
17 2 2 0
18 3 4 0
19 5 5 0
20 6 8 0
21 9 16 0
22 17 17 0
23 18 18 0
24 19 19 0
25 20 20 0
26 21 30 0
27 31 99 0
28 0 99 0
29 0 99 0
30 0 99 0
31 0 99 0
32 0 89 0
33 90 99 0
34 0 99 0
35 0 99 0
36 0 99 0
37 0 99 0
38 0 99 0
39 0 99 0
40 0 99 0
41 0 99 0
42 0 14 0
43 15 18 0
44 19 21 0
45 22 99 0
46 0 0 0
47 1 1 0
48 2 7 0
49 8 12 0
50 13 13 0
51 14 56 0
52 57 58 0
53 59 69 0
54 70 99 0
55 0 99 0
56 0 9 0
57 10 29 0
58 30 31 0
59 32 68 0
60 69 74 0
61 75 79 0
62 80 80 0
63 81 84 0
64 85 93 0
65 94 94 0
66 95 99 0
67 0 13 0
68 14 14 0
69 15 22 0
70 23 23 0
71 24 35 0
72 36 39 0
73 40 40 0
74 41 41 0
75 42 42 0
76 43 43 0
77 44 48 0
78 49 51 0
79 52 52 0
80 53 69 0
81 70 96 0
82 97 97 0
83 98 99 0
84 0 99 0
85 0 99 0
86 0 99 0
87 0 99 0
88 0 99 0
89 0 99 0
90 0 99 0
91 0 99 0
92 0 99 0
93 0 99 0
94 0 42 0
95 43 43 0
96 44 50 0
97 51 51 0
98 52 52 0
99 53 60 0
100 61 99 0
101 0 99 0
102 0 99 0
103 0 99 0
104 0 99 0
105 0 99 0
106 0 36 0
107 37 37 0
108 38 38 0
109 39 39 0
110 40 62 0
111 63 83 0
112 84 85 0
113 86 86 0
114 87 87 0
115 88 99 0
116 0 99 0
117 0 99 0
118 0 99 0
119 0 99 0
120 0 99 0
121 0 99 0
122 0 99 0
123 0 99 0
124 0 99 0
125 0 61 0
126 62 65 0
127 66 69 0
128 70 70 0
129 71 71 0
130 72 72 0
131 73 99 0
132 0 64 0
133 65 67 0
134 68 68 0
135 69 69 0
136 70 70 0
137 71 92 0
138 93 99 0
139 0 99 0
140 0 99 0
141 0 99 0
142 0 99 0
143 0 99 0
144 0 18 0
145 19 21 0
146 22 22 0
147 23 36 0
148 37 37 0
149 38 44 0
150 45 58 0
151 59 60 0
152 61 63 0
153 64 64 0
154 65 99 0
155 0 99 0
156 0 99 0
157 0 47 0
158 48 99 0
159 0 99 0
160 0 51 0
161 52 52 0
162 53 56 0
163 57 57 0
164 58 60 0
165 61 61 0
166 62 62 0
167 63 63 0
168 64 65 0
169 66 99 0
170 0 2 0
171 3 11 0
172 12 99 0
173 0 99 0
174 0 31 0
175 32 32 0
176 33 35 0
177 36 41 0
178 42 48 0
179 49 50 0
180 51 51 0
181 52 54 0
182 55 59 0
183 60 99 0
184 0 52 0
185 53 53 0
186 54 58 0
187 59 64 0
188 65 65 0
189 66 99 0
190 0 99 0
191 0 99 0
192 0 11 0
193 12 32 0
194 33 35 0
195 36 36 0
196 37 38 0
197 39 42 0
198 43 48 0
199 49 56 0
200 57 57 0
201 58 59 0
202 60 60 0
203 61 68 0
204 69 69 0
205 70 97 0
206 98 98 0
207 99 99 0
208 0 99 0
209 0 99 0
210 0 99 0
211 0 99 0
212 0 99 0
213 0 99 0
214 0 99 0
215 0 35 0
216 36 36 0
217 37 37 0
218 38 99 0
219 0 99 0
220 0 99 0
221 0 99 0
222 0 99 0
223 0 99 0
224 0 99 0
225 0 99 0
226 0 99 0
227 0 99 0
228 0 99 0
229 0 99 0
230 0 99 0
231 0 63 0
232 64 66 0
233 67 99 0
234 0 99 0
235 0 99 0
236 0 99 0
237 0 99 0
238 0 25 0
239 26 29 0
240 30 38 0
241 39 69 0
242 70 99 0
243 0 99 0
244 0 99 0
245 0 99 0
246 0 31 0
247 32 33 0
248 34 42 0
249 43 51 0
250 52 52 0
251 53 53 0
252 54 80 0
253 81 86 0
254 87 99 0
255 0 99 0
256 0 99 0
257 0 99 0
258 0 59 0
259 60 60 0
260 61 62 0
261 63 63 0
262 64 64 0
263 65 71 0
264 72 72 0
265 73 74 0
266 75 75 0
267 76 76 0
268 77 78 0
269 79 82 0
270 83 86 0
271 87 87 0
272 88 88 0
273 89 89 0
274 90 91 0
275 92 92 0
276 93 99 0
277 0 99 0
278 0 99 0
279 0 59 0
280 60 87 0
281 88 92 0
282 93 99 0
283 0 99 0
284 0 99 0
285 0 99 0
286 0 47 0
287 48 51 0
288 52 75 0
289 76 76 0
290 77 77 0
291 78 78 0
292 79 79 0
293 80 99 0
294 0 99 0
295 0 99 0
296 0 57 0
297 58 58 0
298 59 73 0
299 74 74 0
300 75 99 0
301 0 99 0
302 0 99 0
303 0 18 0
304 19 99 0
305 0 99 0
306 0 99 0
307 0 99 0
308 0 99 0
309 0 99 0
310 0 99 0
311 0 99 0
312 0 99 0
313 0 99 0
314 0 99 0
315 0 99 0
316 0 99 0
317 0 99 0
318 0 0 0
319 1 38 0
320 39 47 0
321 48 48 0
322 49 50 0
323 51 53 0
324 54 54 0
325 55 69 0
326 70 70 0
327 71 71 0
328 72 75 0
329 76 76 0
330 77 99 0
331 0 99 0
332 0 99 0
333 0 20 0
334 21 22 0
335 23 26 0
336 27 28 0
337 29 29 0
338 30 32 0
339 33 50 0
340 51 52 0
341 53 58 0
342 59 63 0
343 64 64 0
344 65 68 0
345 69 99 0
346 0 32 0
347 33 50 0
348 51 51 0
349 52 57 0
350 58 59 0
351 60 99 0
352 0 4 0
353 5 9 0
354 10 10 0
355 11 13 0
356 14 17 0
357 18 19 0
358 20 55 0
359 56 56 0
360 57 78 0
361 79 79 0
362 80 93 0
363 94 97 0
364 98 98 0
365 99 99 0
366 0 28 0
367 29 29 0
368 30 30 0
369 31 99 0
370 0 58 0
371 59 99 0
372 0 99 0
373 0 99 0
374 0 99 0
375 0 99 0
376 0 4 0
377 5 12 0
378 13 21 0
379 22 29 0
380 30 41 0
381 42 43 0
382 44 44 0
383 45 45 0
384 46 46 0
385 47 99 0
386 0 99 0
387 0 50 0
388 51 52 0
389 53 99 0
390 0 99 0
391 0 99 0
392 0 99 0
393 0 77 0
394 78 78 0
395 79 91 0
396 92 99 0
397 0 99 0
398 0 99 0
399 0 99 0
400 0 99 0
401 0 99 0
402 0 6 0
403 7 7 0
404 8 10 0
405 11 12 0
406 13 13 0
407 14 25 0
408 26 26 0
409 27 73 0
410 74 76 0
411 77 99 0
412 0 99 0
413 0 99 0
414 0 96 0
415 97 97 0
416 98 99 0
417 0 99 0
418 0 99 0
419 0 12 0
420 13 13 0
421 14 15 0
422 16 20 0
423 21 26 0
424 27 28 0
425 29 29 0
426 30 58 0
427 59 59 0
428 60 60 0
429 61 89 0
430 90 99 0
431 0 84 0
432 85 85 0
433 86 99 0
434 0 82 0
435 83 91 0
436 92 92 0
437 93 93 0
438 94 94 0
439 95 95 0
440 96 99 0
441 0 99 0
442 0 99 0
443 0 99 0
444 0 99 0
445 0 99 0
446 0 62 0
447 63 63 0
448 64 73 0
449 74 75 0
450 76 76 0
451 77 79 0
452 80 99 0
453 0 67 0
454 68 68 0
455 69 72 0
456 73 80 0
457 81 83 0
458 84 86 0
459 87 87 0
460 88 99 0
461 0 99 0
462 0 99 0
463 0 99 0
464 0 53 0
465 54 99 0
466 0 33 0
467 34 34 0
468 35 38 0
469 39 39 0
470 40 42 0
471 43 43 0
472 44 48 0
473 49 49 0
474 50 53 0
475 54 55 0
476 56 71 0
477 72 76 0
478 77 78 0
479 79 80 0
480 81 99 0
481 0 4 0
482 5 7 0
483 8 12 0
484 13 64 0
485 65 69 0
486 70 73 0
487 74 76 0
488 77 99 0
489 0 99 0
490 0 99 0
491 0 99 0
492 0 99 0
493 0 99 0
494 0 99 0
495 0 96 0
496 97 98 0
497 99 99 0
498 0 99 0
499 0 99 0
500 0 99 0
501 0 99 0
502 0 23 0
503 24 24 0
504 25 99 0
505 0 99 0
506 0 99 0
507 0 99 0
508 0 99 0
509 0 5 0
510 6 40 0
511 41 42 0
512 43 43 0
513 44 99 0
514 0 99 0
515 0 99 0
516 0 5 0
517 6 7 0
518 8 8 0
519 9 12 0
520 13 16 0
521 17 46 0
522 47 49 0
523 50 50 0
524 51 99 0
525 0 99 0
526 0 61 0
527 62 62 0
528 63 99 0
529 0 99 0
530 0 99 0
531 0 99 0
532 0 99 0
533 0 99 0
534 0 99 0
535 0 99 0
536 0 99 0
537 0 99 0
538 0 2 0
539 3 3 0
540 4 6 0
541 7 7 0
542 8 13 0
543 14 17 0
544 18 18 0
545 19 21 0
546 22 25 0
547 26 58 0
548 59 59 0
549 60 63 0
550 64 67 0
551 68 89 0
552 90 90 0
553 91 99 0
554 0 99 0
555 0 99 0
556 0 99 0
557 0 99 0
558 0 41 0
559 42 48 0
560 49 86 0
561 87 99 0
562 0 99 0
563 0 99 0
564 0 55 0
565 56 99 0
566 0 81 0
567 82 83 0
568 84 99 0
569 0 39 0
570 40 44 0
571 45 54 0
572 55 56 0
573 57 57 0
574 58 58 0
575 59 63 0
576 64 65 0
577 66 66 0
578 67 68 0
579 69 69 0
580 70 71 0
581 72 72 0
582 73 73 0
583 74 74 0
584 75 75 0
585 76 79 0
586 80 80 0
587 81 99 0
588 0 99 0
589 0 91 0
590 92 92 0
591 93 93 0
592 94 95 0
593 96 99 0
594 0 99 0
595 0 99 0
596 0 99 0
597 0 99 0
598 0 99 0
599 0 99 0
600 0 99 0
601 0 99 0
602 0 99 0
603 0 99 0
604 0 7 0
605 8 8 0
606 9 10 0
607 11 14 0
608 15 16 0
609 17 18 0
610 19 20 0
611 21 54 0
612 55 58 0
613 59 59 0
614 60 70 0
615 71 71 0
616 72 99 0
617 0 14 0
618 15 39 0
619 40 40 0
620 41 41 0
621 42 43 0
622 44 49 0
623 50 50 0
624 51 57 0
625 58 61 0
626 62 62 0
627 63 99 0
628 0 99 0
629 0 99 0
630 0 99 0
631 0 5 0
632 6 99 0
633 0 99 0
634 0 99 0
635 0 99 0
636 0 99 0
637 0 99 0
638 0 24 0
639 25 29 0
640 30 34 0
641 35 58 0
642 59 99 0
643 0 99 0
644 0 99 0
645 0 99 0
646 0 99 0
647 0 99 0
648 0 99 0
649 0 99 0
650 0 99 0
651 0 13 0
652 14 84 0
653 85 99 0
654 0 99 0
655 0 99 0
656 0 4 0
657 5 31 0
658 32 43 0
659 44 99 0
660 0 99 0
661 0 18 0
662 19 21 0
663 22 27 0
664 28 39 0
665 40 45 0
666 46 46 0
667 47 66 0
668 67 99 0
669 0 99 0
670 0 99 0
671 0 29 0
672 30 64 0
673 65 99 0
674 0 99 0
675 0 99 0
676 0 99 0
677 0 99 0
678 0 99 0
679 0 99 0
680 0 99 0
681 0 99 0
682 0 3 0
683 4 4 0
684 5 5 0
685 6 12 0
686 13 16 0
687 17 21 0
688 22 42 0
689 43 43 0
690 44 45 0
691 46 46 0
692 47 47 0
693 48 50 0
694 51 68 0
695 69 69 0
696 70 72 0
697 73 73 0
698 74 75 0
699 76 76 0
700 77 81 0
701 82 82 0
702 83 99 0
703 0 99 0
704 0 99 0
705 0 82 0
706 83 83 0
707 84 99 0
708 0 76 0
709 77 78 0
710 79 99 0
711 0 1 0
712 2 4 0
713 5 8 0
714 9 13 0
715 14 99 0
716 0 99 0
717 0 99 0
718 0 99 0
719 0 99 0
720 0 99 0
721 0 99 0
722 0 99 0
723 0 99 0
724 0 99 0
725 0 99 0
726 0 99 0
727 0 17 0
728 18 18 0
729 19 20 0
730 21 23 0
731 24 24 0
732 25 99 0
733 0 99 0
734 0 99 0
735 0 38 0
736 39 44 0
737 45 50 0
738 51 60 0
739 61 62 0
740 63 63 0
741 64 68 0
742 69 96 0
743 97 98 0
744 99 99 0
745 0 99 0
746 0 88 0
747 89 92 0
748 93 96 0
749 97 98 0
750 99 99 0
751 0 99 0
752 0 99 0
753 0 46 0
754 47 99 0
755 0 49 0
756 50 50 0
757 51 99 0
758 0 99 0
759 0 2 0
760 3 10 0
761 11 11 0
762 12 22 0
763 23 23 0
764 24 24 0
765 25 27 0
766 28 29 0
767 30 30 0
768 31 35 0
769 36 37 0
770 38 38 0
771 39 46 0
772 47 48 0
773 49 54 0
774 55 55 0
775 56 67 0
776 68 68 0
777 69 69 0
778 70 72 0
779 73 76 0
780 77 82 0
781 83 84 0
782 85 99 0
783 0 99 0
784 0 99 0
785 0 99 0
786 0 99 0
787 0 99 0
788 0 99 0
789 0 99 0
790 0 99 0
791 0 99 0
792 0 71 0
793 72 72 0
794 73 78 0
795 79 79 0
796 80 80 0
797 81 84 0
798 85 86 0
799 87 87 0
800 88 88 0
801 89 90 0
802 91 99 0
803 0 3 0
804 4 8 0
805 9 17 0
806 18 19 0
807 20 22 0
808 23 41 0
809 42 43 0
810 44 47 0
811 48 49 0
812 50 52 0
813 53 62 0
814 63 76 0
815 77 85 0
816 86 86 0
817 87 90 0
818 91 99 0
819 0 99 0
820 0 99 0
821 0 99 0
822 0 90 0
823 91 91 0
824 92 95 0
825 96 99 0
826 0 42 0
827 43 46 0
828 47 49 0
829 50 61 0
830 62 62 0
831 63 99 0
832 0 1 0
833 2 3 0
834 4 11 0
835 12 65 0
836 66 66 0
837 67 72 0
838 73 99 0
839 0 4 0
840 5 7 0
841 8 8 0
842 9 9 0
843 10 30 0
844 31 33 0
845 34 34 0
846 35 37 0
847 38 38 0
848 39 39 0
849 40 47 0
850 48 49 0
851 50 52 0
852 53 54 0
853 55 99 0
854 0 99 0
855 0 23 0
856 24 24 0
857 25 25 0
858 26 27 0
859 28 99 0
860 0 99 0
861 0 71 0
862 72 74 0
863 75 75 0
864 76 76 0
865 77 85 0
866 86 88 0
867 89 89 0
868 90 99 0
869 0 99 0
870 0 99 0
871 0 99 0
872 0 99 0
873 0 37 0
874 38 38 0
875 39 99 0
876 0 99 0
877 0 14 0
878 15 16 0
879 17 18 0
880 19 99 0
881 0 99 0
882 0 94 0
883 95 95 0
884 96 96 0
885 97 99 0
886 0 99 0
887 0 99 0
888 0 21 0
889 22 26 0
890 27 99 0
891 0 99 0
892 0 99 0
893 0 99 0
894 0 99 0
895 0 99 0
896 0 99 0
897 0 0 0
898 1 2 0
899 3 57 0
900 58 58 0
901 59 62 0
902 63 63 0
903 64 79 0
904 80 84 0
905 85 88 0
906 89 90 0
907 91 91 0
908 92 99 0
909 0 99 0
910 0 77 0
911 78 78 0
912 79 79 0
913 80 80 0
914 81 84 0
915 85 86 0
916 87 99 0
917 0 99 0
918 0 99 0
919 0 99 0
920 0 99 0
921 0 99 0
922 0 99 0
923 0 99 0
924 0 99 0
925 0 99 0
926 0 99 0
927 0 4 0
928 5 18 0
929 19 27 0
930 28 42 0
931 43 43 0
932 44 45 0
933 46 47 0
934 48 63 0
935 64 65 0
936 66 66 0
937 67 72 0
938 73 74 0
939 75 79 0
940 80 99 0
941 0 99 0
942 0 99 0
943 0 99 0
944 0 99 0
945 0 99 0
946 0 99 0
947 0 99 0
948 0 99 0
949 0 99 0
950 0 22 0
951 23 23 0
952 24 27 0
953 28 66 0
954 67 73 0
955 74 74 0
956 75 75 0
957 76 99 0
958 0 99 0
959 0 94 0
960 95 95 0
961 96 99 0
962 0 99 0
963 0 99 0
964 0 99 0
965 0 99 0
966 0 99 0
967 0 99 0
968 0 99 0
969 0 99 0
970 0 67 0
971 68 80 0
972 81 81 0
973 82 99 0
974 0 99 0
975 0 99 0
976 0 99 0
977 0 99 0
978 0 99 0
979 0 99 0
980 0 15 0
981 16 16 0
982 17 19 0
983 20 23 0
984 24 99 0
985 0 97 0
986 98 99 0
987 0 99 0
988 0 99 0
989 0 99 0
990 0 99 0
991 0 99 0
992 0 99 0
993 0 99 0
994 0 99 0
995 0 2 0
996 3 3 0
997 4 4 0
998 5 5 0
999 6 7 0
1000 8 8 0
1001 9 48 0
1002 49 52 0
1003 53 76 0
1004 77 81 0
1005 82 82 0
1006 83 85 0
1007 86 94 0
1008 95 99 0
1009 0 99 0
1010 0 66 0
1011 67 82 0
1012 83 84 0
1013 85 85 0
1014 86 86 0
1015 87 93 0
1016 94 98 0
1017 99 99 0
1018 0 99 0
1019 0 2 0
1020 3 99 0
1021 0 30 0
1022 31 33 0
1023 34 99 0
1024 0 8 0
1025 9 10 0
1026 11 14 0
1027 15 23 0
1028 24 25 0
1029 26 27 0
1030 28 30 0
1031 31 31 0
1032 32 33 0
1033 34 34 0
1034 35 36 0
1035 37 56 0
1036 57 67 0
1037 68 69 0
1038 70 74 0
1039 75 77 0
1040 78 81 0
1041 82 83 0
1042 84 84 0
1043 85 87 0
1044 88 89 0
1045 90 90 0
1046 91 95 0
1047 96 96 0
1048 97 98 0
1049 99 99 0
1050 0 39 0
1051 40 40 0
1052 41 99 0
1053 0 99 0
1054 0 76 0
1055 77 99 0
1056 0 99 0
