0 0 73 0
1 74 81 0
2 82 99 0
3 0 34 0
4 35 37 0
5 38 42 0
6 43 43 0
7 44 44 0
8 45 45 0
9 46 99 0
10 0 93 0
11 94 96 0
12 97 98 0
13 99 99 0
14 0 67 0
15 68 99 0
16 0 38 0
17 39 48 0
18 49 99 0
19 0 9 0
20 10 10 0
21 11 11 0
22 12 79 0
23 80 84 0
24 85 92 0
25 93 94 0
26 95 99 0
27 0 99 0
28 0 1 0
29 2 2 0
30 3 4 0
31 5 99 0
32 0 99 0
33 0 38 0
34 39 54 0
35 55 55 0
36 56 56 0
37 57 62 0
38 63 64 0
39 65 69 0
40 70 99 0
41 0 99 0
42 0 31 0
43 32 37 0
44 38 45 0
45 46 48 0
46 49 50 0
47 51 55 0
48 56 56 0
49 57 57 0
50 58 85 0
51 86 87 0
52 88 90 0
53 91 99 0
54 0 12 0
55 13 99 0
56 0 99 0
57 0 99 0
58 0 99 0
59 0 99 0
60 0 99 0
61 0 17 0
62 18 25 0
63 26 30 0
64 31 31 0
65 32 32 0
66 33 42 0
67 43 43 0
68 44 45 0
69 46 52 0
70 53 53 0
71 54 55 0
72 56 70 0
73 71 73 0
74 74 74 0
75 75 76 0
76 77 77 0
77 78 78 0
78 79 99 0
79 0 99 0
80 0 37 0
81 38 43 0
82 44 61 0
83 62 65 0
84 66 67 0
85 68 79 0
86 80 80 0
87 81 81 0
88 82 99 0
89 0 3 0
90 4 18 0
91 19 24 0
92 25 25 0
93 26 96 0
94 97 99 0
95 0 1 0
96 2 9 0
97 10 22 0
98 23 99 0
99 0 99 0
100 0 1 0
101 2 9 0
102 10 10 0
103 11 12 0
104 13 35 0
105 36 37 0
106 38 38 0
107 39 39 0
108 40 46 0
109 47 49 0
110 50 51 0
111 52 99 0
112 0 1 0
113 2 2 0
114 3 5 0
115 6 6 0
116 7 7 0
117 8 9 0
118 10 14 0
119 15 15 0
120 16 23 0
121 24 25 0
122 26 29 0
123 30 30 0
124 31 31 0
125 32 32 0
126 33 35 0
127 36 40 0
128 41 42 0
129 43 49 0
130 50 50 0
131 51 51 0
132 52 52 0
133 53 79 0
134 80 80 0
135 81 81 0
136 82 91 0
137 92 92 0
138 93 96 0
139 97 97 0
140 98 98 0
141 99 99 0
142 0 31 0
143 32 32 0
144 33 33 0
145 34 34 0
146 35 95 0
147 96 96 0
148 97 97 0
149 98 99 0
150 0 81 0
151 82 87 0
152 88 99 0
153 0 99 0
154 0 99 0
155 0 99 0
156 0 53 0
157 54 59 0
158 60 95 0
159 96 96 0
160 97 99 0
161 0 39 0
162 40 42 0
163 43 43 0
164 44 44 0
165 45 46 0
166 47 52 0
167 53 54 0
168 55 56 0
169 57 57 0
170 58 58 0
171 59 59 0
172 60 81 0
173 82 83 0
174 84 84 0
175 85 85 0
176 86 86 0
177 87 87 0
178 88 99 0
179 0 99 0
180 0 87 0
181 88 99 0
182 0 99 0
183 0 7 0
184 8 8 0
185 9 20 0
186 21 34 0
187 35 36 0
188 37 37 0
189 38 43 0
190 44 99 0
191 0 99 0
192 0 99 0
193 0 77 0
194 78 78 0
195 79 84 0
196 85 87 0
197 88 88 0
198 89 89 0
199 90 90 0
200 91 91 0
201 92 94 0
202 95 95 0
203 96 97 0
204 98 99 0
205 0 82 0
206 83 87 0
207 88 93 0
208 94 99 0
209 0 39 0
210 40 40 0
211 41 41 0
212 42 99 0
213 0 8 0
214 9 11 0
215 12 12 0
216 13 99 0
217 0 74 0
218 75 84 0
219 85 99 0
220 0 82 0
221 83 84 0
222 85 99 0
223 0 99 0
224 0 28 0
225 29 37 0
226 38 38 0
227 39 39 0
228 40 40 0
229 41 99 0
230 0 38 0
231 39 40 0
232 41 41 0
233 42 45 0
234 46 63 0
235 64 99 0
236 0 99 0
237 0 64 0
238 65 65 0
239 66 99 0
240 0 99 0
241 0 96 0
242 97 99 0
243 0 8 0
244 9 10 0
245 11 14 0
246 15 37 0
247 38 38 0
248 39 39 0
249 40 99 0
250 0 10 0
251 11 13 0
252 14 33 0
253 34 40 0
254 41 76 0
255 77 77 0
256 78 79 0
257 80 80 0
258 81 99 0
259 0 99 0
260 0 99 0
261 0 99 0
262 0 99 0
263 0 99 0
264 0 2 0
265 3 6 0
266 7 20 0
267 21 21 0
268 22 22 0
269 23 24 0
270 25 26 0
271 27 27 0
272 28 33 0
273 34 60 0
274 61 99 0
275 0 57 0
276 58 62 0
277 63 99 0
278 0 47 0
279 48 49 0
280 50 51 0
281 52 52 0
282 53 54 0
283 55 55 0
284 56 57 0
285 58 59 0
286 60 64 0
287 65 65 0
288 66 66 0
289 67 67 0
290 68 69 0
291 70 71 0
292 72 72 0
293 73 81 0
294 82 88 0
295 89 90 0
296 91 91 0
297 92 92 0
298 93 98 0
299 99 99 0
300 0 6 0
301 7 17 0
302 18 22 0
303 23 32 0
304 33 78 0
305 79 79 0
306 80 94 0
307 95 99 0
308 0 14 0
309 15 15 0
310 16 46 0
311 47 47 0
312 48 53 0
313 54 54 0
314 55 57 0
315 58 58 0
316 59 66 0
317 67 72 0
318 73 83 0
319 84 86 0
320 87 91 0
321 92 92 0
322 93 93 0
323 94 95 0
324 96 99 0
325 0 8 0
326 9 99 0
327 0 0 0
328 1 1 0
329 2 27 0
330 28 28 0
331 29 29 0
332 30 97 0
333 98 98 0
334 99 99 0
335 0 99 0
336 0 6 0
337 7 7 0
338 8 8 0
339 9 18 0
340 19 20 0
341 21 25 0
342 26 26 0
343 27 28 0
344 29 33 0
345 34 38 0
346 39 39 0
347 40 50 0
348 51 55 0
349 56 57 0
350 58 59 0
351 60 63 0
352 64 99 0
353 0 8 0
354 9 67 0
355 68 68 0
356 69 69 0
357 70 71 0
358 72 79 0
359 80 80 0
360 81 99 0
361 0 99 0
362 0 99 0
363 0 1 0
364 2 4 0
365 5 5 0
366 6 13 0
367 14 14 0
368 15 42 0
369 43 63 0
370 64 64 0
371 65 66 0
372 67 74 0
373 75 87 0
374 88 88 0
375 89 92 0
376 93 93 0
377 94 94 0
378 95 99 0
379 0 99 0
380 0 99 0
381 0 99 0
382 0 99 0
383 0 99 0
384 0 99 0
385 0 75 0
386 76 99 0
387 0 5 0
388 6 29 0
389 30 99 0
390 0 99 0
391 0 99 0
392 0 73 0
393 74 76 0
394 77 99 0
395 0 99 0
396 0 35 0
397 36 36 0
398 37 40 0
399 41 41 0
400 42 62 0
401 63 99 0
402 0 99 0
403 0 19 0
404 20 20 0
405 21 22 0
406 23 30 0
407 31 33 0
408 34 41 0
409 42 42 0
410 43 48 0
411 49 49 0
412 50 52 0
413 53 53 0
414 54 56 0
415 57 59 0
416 60 73 0
417 74 91 0
418 92 92 0
419 93 94 0
420 95 99 0
421 0 78 0
422 79 79 0
423 80 81 0
424 82 84 0
425 85 86 0
426 87 98 0
427 99 99 0
428 0 48 0
429 49 50 0
430 51 60 0
431 61 62 0
432 63 99 0
433 0 99 0
434 0 23 0
435 24 25 0
436 26 27 0
437 28 31 0
438 32 33 0
439 34 41 0
440 42 43 0
441 44 44 0
442 45 45 0
443 46 99 0
444 0 68 0
445 69 97 0
446 98 99 0
447 0 96 0
448 97 99 0
449 0 99 0
450 0 99 0
451 0 50 0
452 51 58 0
453 59 99 0
454 0 99 0
455 0 3 0
456 4 4 0
457 5 5 0
458 6 9 0
459 10 15 0
460 16 16 0
461 17 17 0
462 18 18 0
463 19 19 0
464 20 20 0
465 21 24 0
466 25 33 0
467 34 40 0
468 41 41 0
469 42 42 0
470 43 99 0
471 0 99 0
472 0 99 0
473 0 99 0
474 0 6 0
475 7 7 0
476 8 11 0
477 12 12 0
478 13 16 0
479 17 18 0
480 19 20 0
481 21 23 0
482 24 27 0
483 28 68 0
484 69 86 0
485 87 99 0
486 0 99 0
487 0 42 0
488 43 43 0
489 44 44 0
490 45 45 0
491 46 69 0
492 70 70 0
493 71 77 0
494 78 79 0
495 80 99 0
496 0 99 0
497 0 8 0
498 9 10 0
499 11 14 0
500 15 15 0
501 16 19 0
502 20 22 0
503 23 81 0
504 82 99 0
505 0 99 0
506 0 79 0
507 80 82 0
508 83 83 0
509 84 84 0
510 85 87 0
511 88 89 0
512 90 97 0
513 98 98 0
514 99 99 0
515 0 8 0
516 9 12 0
517 13 13 0
518 14 17 0
519 18 22 0
520 23 23 0
521 24 37 0
522 38 38 0
523 39 50 0
524 51 55 0
525 56 57 0
526 58 58 0
527 59 63 0
528 64 64 0
529 65 80 0
530 81 84 0
531 85 85 0
532 86 99 0
533 0 70 0
534 71 72 0
535 73 99 0
536 0 99 0
537 0 47 0
538 48 48 0
539 49 92 0
540 93 97 0
541 98 99 0
542 0 6 0
543 7 7 0
544 8 11 0
545 12 26 0
546 27 29 0
547 30 32 0
548 33 40 0
549 41 42 0
550 43 58 0
551 59 62 0
552 63 73 0
553 74 84 0
554 85 90 0
555 91 91 0
556 92 99 0
557 0 99 0
558 0 58 0
559 59 59 0
560 60 64 0
561 65 66 0
562 67 95 0
563 96 99 0
564 0 33 0
565 34 39 0
566 40 43 0
567 44 44 0
568 45 47 0
569 48 56 0
570 57 61 0
571 62 62 0
572 63 66 0
573 67 99 0
574 0 99 0
575 0 74 0
576 75 76 0
577 77 77 0
578 78 79 0
579 80 80 0
580 81 85 0
581 86 86 0
582 87 88 0
583 89 89 0
584 90 91 0
585 92 99 0
586 0 2 0
587 3 47 0
588 48 48 0
589 49 49 0
590 50 60 0
591 61 61 0
592 62 99 0
593 0 58 0
594 59 62 0
595 63 66 0
596 67 67 0
597 68 70 0
598 71 78 0
599 79 92 0
600 93 99 0
601 0 77 0
602 78 99 0
603 0 99 0
604 0 69 0
605 70 72 0
606 73 73 0
607 74 76 0
608 77 82 0
609 83 83 0
610 84 99 0
611 0 99 0
612 0 99 0
613 0 18 0
614 19 19 0
615 20 22 0
616 23 23 0
617 24 28 0
618 29 31 0
619 32 34 0
620 35 35 0
621 36 46 0
622 47 56 0
623 57 58 0
624 59 96 0
625 97 99 0
626 0 99 0
627 0 87 0
628 88 88 0
629 89 99 0
630 0 30 0
631 31 31 0
632 32 33 0
633 34 41 0
634 42 64 0
635 65 69 0
636 70 72 0
637 73 73 0
638 74 74 0
639 75 97 0
640 98 98 0
641 99 99 0
642 0 99 0
643 0 75 0
644 76 99 0
645 0 44 0
646 45 99 0
647 0 0 0
648 1 5 0
649 6 7 0
650 8 9 0
651 10 14 0
652 15 15 0
653 16 17 0
654 18 18 0
655 19 19 0
656 20 21 0
657 22 22 0
658 23 23 0
659 24 25 0
660 26 26 0
661 27 28 0
662 29 30 0
663 31 99 0
664 0 42 0
665 43 43 0
666 44 44 0
667 45 45 0
668 46 46 0
669 47 67 0
670 68 76 0
671 77 77 0
672 78 83 0
673 84 99 0
674 0 19 0
675 20 90 0
676 91 91 0
677 92 95 0
678 96 96 0
679 97 99 0
680 0 2 0
681 3 4 0
682 5 8 0
683 9 9 0
684 10 99 0
685 0 4 0
686 5 39 0
687 40 99 0
688 0 0 0
689 1 1 0
690 2 7 0
691 8 8 0
692 9 14 0
693 15 16 0
694 17 18 0
695 19 99 0
696 0 4 0
697 5 99 0
698 0 8 0
699 9 99 0
700 0 99 0
701 0 47 0
702 48 51 0
703 52 61 0
704 62 67 0
705 68 69 0
706 70 71 0
707 72 75 0
708 76 76 0
709 77 77 0
710 78 78 0
711 79 80 0
712 81 86 0
713 87 90 0
714 91 99 0
715 0 99 0
716 0 99 0
717 0 0 0
718 1 1 0
719 2 3 0
720 4 4 0
721 5 5 0
722 6 19 0
723 20 26 0
724 27 28 0
725 29 29 0
726 30 30 0
727 31 31 0
728 32 76 0
729 77 78 0
730 79 80 0
731 81 81 0
732 82 82 0
733 83 83 0
734 84 85 0
735 86 99 0
736 0 99 0
737 0 37 0
738 38 38 0
739 39 39 0
740 40 49 0
741 50 55 0
742 56 56 0
743 57 59 0
744 60 68 0
745 69 99 0
746 0 99 0
747 0 77 0
748 78 79 0
749 80 99 0
750 0 98 0
751 99 99 0
752 0 13 0
753 14 99 0
754 0 29 0
755 30 42 0
756 43 43 0
757 44 45 0
758 46 46 0
759 47 47 0
760 48 48 0
761 49 49 0
762 50 99 0
763 0 90 0
764 91 91 0
765 92 97 0
766 98 98 0
767 99 99 0
768 0 86 0
769 87 99 0
770 0 26 0
771 27 40 0
772 41 47 0
773 48 52 0
774 53 55 0
775 56 95 0
776 96 99 0
777 0 33 0
778 34 34 0
779 35 62 0
780 63 71 0
781 72 72 0
782 73 73 0
783 74 75 0
784 76 99 0
785 0 0 0
786 1 21 0
787 22 24 0
788 25 29 0
789 30 30 0
790 31 99 0
791 0 99 0
792 0 46 0
793 47 55 0
794 56 62 0
795 63 63 0
796 64 99 0
797 0 14 0
798 15 15 0
799 16 19 0
800 20 34 0
801 35 35 0
802 36 51 0
803 52 99 0
804 0 44 0
805 45 58 0
806 59 59 0
807 60 61 0
808 62 64 0
809 65 65 0
810 66 68 0
811 69 99 0
812 0 21 0
813 22 22 0
814 23 34 0
815 35 35 0
816 36 64 0
817 65 65 0
818 66 66 0
819 67 67 0
820 68 99 0
821 0 3 0
822 4 8 0
823 9 12 0
824 13 99 0
825 0 25 0
826 26 26 0
827 27 28 0
828 29 35 0
829 36 37 0
830 38 38 0
831 39 63 0
832 64 71 0
833 72 72 0
834 73 73 0
835 74 74 0
836 75 99 0
837 0 11 0
838 12 13 0
839 14 30 0
840 31 31 0
841 32 33 0
842 34 34 0
843 35 51 0
844 52 53 0
845 54 54 0
846 55 55 0
847 56 71 0
848 72 76 0
849 77 81 0
850 82 82 0
851 83 86 0
852 87 88 0
853 89 99 0
854 0 99 0
855 0 16 0
856 17 17 0
857 18 19 0
858 20 25 0
859 26 34 0
860 35 37 0
861 38 42 0
862 43 52 0
863 53 53 0
864 54 54 0
865 55 58 0
866 59 59 0
867 60 61 0
868 62 62 0
869 63 63 0
870 64 64 0
871 65 65 0
872 66 66 0
873 67 71 0
874 72 91 0
875 92 99 0
876 0 99 0
877 0 64 0
878 65 99 0
879 0 42 0
880 43 44 0
881 45 53 0
882 54 55 0
883 56 56 0
884 57 58 0
885 59 59 0
886 60 70 0
887 71 71 0
888 72 81 0
889 82 95 0
890 96 96 0
891 97 99 0
892 0 8 0
893 9 9 0
894 10 10 0
895 11 11 0
896 12 99 0
897 0 10 0
898 11 34 0
899 35 35 0
900 36 36 0
901 37 41 0
902 42 55 0
903 56 99 0
904 0 99 0
905 0 99 0
906 0 29 0
907 30 30 0
908 31 36 0
909 37 44 0
910 45 51 0
911 52 57 0
912 58 58 0
913 59 59 0
914 60 95 0
915 96 96 0
916 97 99 0
917 0 7 0
918 8 68 0
919 69 78 0
920 79 99 0
921 0 6 0
922 7 7 0
923 8 33 0
924 34 99 0
925 0 0 0
926 1 82 0
927 83 83 0
928 84 86 0
929 87 88 0
930 89 89 0
931 90 99 0
932 0 33 0
933 34 65 0
934 66 67 0
935 68 69 0
936 70 88 0
937 89 89 0
938 90 94 0
939 95 99 0
940 0 23 0
941 24 26 0
942 27 29 0
943 30 32 0
944 33 34 0
945 35 54 0
946 55 55 0
947 56 58 0
948 59 61 0
949 62 62 0
950 63 76 0
951 77 77 0
952 78 78 0
953 79 80 0
954 81 99 0
955 0 24 0
956 25 32 0
957 33 35 0
958 36 53 0
959 54 54 0
960 55 56 0
961 57 71 0
962 72 99 0
963 0 20 0
964 21 22 0
965 23 23 0
966 24 26 0
967 27 29 0
968 30 31 0
969 32 71 0
970 72 74 0
971 75 80 0
972 81 84 0
973 85 89 0
974 90 99 0
975 0 42 0
976 43 74 0
977 75 78 0
978 79 83 0
979 84 84 0
980 85 86 0
981 87 87 0
982 88 99 0
983 0 44 0
984 45 45 0
985 46 71 0
986 72 72 0
987 73 79 0
988 80 99 0
989 0 13 0
990 14 16 0
991 17 33 0
992 34 71 0
993 72 72 0
994 73 75 0
995 76 94 0
996 95 95 0
997 96 99 0
998 0 99 0
999 0 99 0
1000 0 99 0
1001 0 48 0
1002 49 49 0
1003 50 51 0
1004 52 52 0
1005 53 55 0
1006 56 57 0
1007 58 62 0
1008 63 63 0
1009 64 65 0
1010 66 67 0
1011 68 68 0
1012 69 69 0
1013 70 72 0
1014 73 84 0
1015 85 99 0
1016 0 99 0
1017 0 99 0
1018 0 30 0
1019 31 34 0
1020 35 36 0
1021 37 37 0
1022 38 99 0
1023 0 99 0
1024 0 91 0
1025 92 99 0
1026 0 0 0
1027 1 5 0
1028 6 34 0
1029 35 35 0
1030 36 36 0
1031 37 99 0
1032 0 99 0
1033 0 92 0
1034 93 93 0
1035 94 96 0
1036 97 97 0
1037 98 99 0
1038 0 0 0
1039 1 1 0
1040 2 2 0
1041 3 6 0
1042 7 17 0
1043 18 18 0
1044 19 20 0
1045 21 28 0
1046 29 37 0
1047 38 38 0
1048 39 57 0
1049 58 59 0
1050 60 60 0
1051 61 61 0
1052 62 65 0
1053 66 69 0
1054 70 99 0
1055 0 65 0
1056 66 99 0
1057 0 47 0
1058 48 48 0
1059 49 76 0
1060 77 77 0
1061 78 81 0
1062 82 97 0
1063 98 99 0
1064 0 99 0
1065 0 99 0
1066 0 99 0
1067 0 99 0
1068 0 99 0
1069 0 99 0
1070 0 99 0
1071 0 99 0
1072 0 99 0
1073 0 0 0
1074 1 1 0
1075 2 15 0
1076 16 18 0
1077 19 20 0
1078 21 32 0
1079 33 54 0
1080 55 57 0
1081 58 58 0
1082 59 59 0
1083 60 61 0
1084 62 71 0
1085 72 72 0
1086 73 96 0
1087 97 99 0
1088 0 99 0
1089 0 24 0
1090 25 25 0
1091 26 28 0
1092 29 99 0
1093 0 99 0
1094 0 99 0
1095 0 5 0
1096 6 6 0
1097 7 12 0
1098 13 15 0
1099 16 21 0
1100 22 56 0
1101 57 68 0
1102 69 70 0
1103 71 71 0
1104 72 74 0
1105 75 75 0
1106 76 77 0
1107 78 78 0
1108 79 88 0
1109 89 99 0
1110 0 99 0
1111 0 99 0
1112 0 7 0
1113 8 57 0
1114 58 68 0
1115 69 77 0
1116 78 78 0
1117 79 79 0
1118 80 80 0
1119 81 99 0
1120 0 14 0
1121 15 15 0
1122 16 25 0
1123 26 26 0
1124 27 28 0
1125 29 42 0
1126 43 43 0
1127 44 47 0
1128 48 58 0
1129 59 59 0
1130 60 99 0
1131 0 5 0
1132 6 6 0
1133 7 7 0
1134 8 8 0
1135 9 9 0
1136 10 10 0
1137 11 56 0
1138 57 68 0
1139 69 99 0
1140 0 58 0
1141 59 74 0
1142 75 99 0
1143 0 27 0
1144 28 61 0
1145 62 70 0
1146 71 75 0
1147 76 79 0
1148 80 99 0
1149 0 99 0
1150 0 99 0
1151 0 41 0
1152 42 50 0
1153 51 51 0
1154 52 52 0
1155 53 62 0
1156 63 65 0
1157 66 68 0
1158 69 78 0
1159 79 99 0
1160 0 80 0
1161 81 83 0
1162 84 95 0
1163 96 97 0
1164 98 99 0
1165 0 99 0
1166 0 67 0
1167 68 70 0
1168 71 99 0
1169 0 47 0
1170 48 50 0
1171 51 54 0
1172 55 55 0
1173 56 59 0
1174 60 64 0
1175 65 65 0
1176 66 69 0
1177 70 81 0
1178 82 82 0
1179 83 83 0
1180 84 99 0
1181 0 45 0
1182 46 66 0
1183 67 86 0
1184 87 87 0
1185 88 91 0
1186 92 92 0
1187 93 94 0
1188 95 95 0
1189 96 99 0
1190 0 99 0
1191 0 99 0
1192 0 1 0
1193 2 7 0
1194 8 99 0
1195 0 2 0
1196 3 5 0
1197 6 6 0
1198 7 8 0
1199 9 30 0
1200 31 32 0
1201 33 88 0
1202 89 91 0
1203 92 92 0
1204 93 96 0
1205 97 99 0
1206 0 92 0
1207 93 93 0
1208 94 94 0
1209 95 99 0
1210 0 99 0
1211 0 99 0
1212 0 0 0
1213 1 14 0
1214 15 16 0
1215 17 83 0
1216 84 84 0
1217 85 86 0
1218 87 88 0
1219 89 89 0
1220 90 90 0
1221 91 99 0
1222 0 44 0
1223 45 45 0
1224 46 99 0
1225 0 61 0
1226 62 62 0
1227 63 91 0
1228 92 99 0
1229 0 99 0
1230 0 49 0
1231 50 79 0
1232 80 99 0
1233 0 38 0
1234 39 39 0
1235 40 40 0
1236 41 41 0
1237 42 42 0
1238 43 43 0
1239 44 51 0
1240 52 53 0
1241 54 55 0
1242 56 57 0
1243 58 58 0
1244 59 99 0
1245 0 3 0
1246 4 8 0
1247 9 48 0
1248 49 49 0
1249 50 54 0
1250 55 72 0
1251 73 73 0
1252 74 78 0
1253 79 79 0
1254 80 99 0
1255 0 99 0
1256 0 84 0
1257 85 85 0
1258 86 94 0
1259 95 97 0
1260 98 99 0
1261 0 99 0
1262 0 99 0
1263 0 32 0
1264 33 99 0
1265 0 99 0
1266 0 23 0
1267 24 49 0
1268 50 97 0
1269 98 99 0
1270 0 99 0
1271 0 1 0
1272 2 12 0
1273 13 98 0
1274 99 99 0
1275 0 77 0
1276 78 79 0
1277 80 80 0
1278 81 87 0
1279 88 89 0
1280 90 91 0
1281 92 95 0
1282 96 99 0
1283 0 45 0
1284 46 46 0
1285 47 49 0
1286 50 50 0
1287 51 55 0
1288 56 99 0
1289 0 0 0
1290 1 4 0
1291 5 6 0
1292 7 14 0
1293 15 17 0
1294 18 19 0
1295 20 20 0
1296 21 22 0
1297 23 99 0
1298 0 99 0
1299 0 2 0
1300 3 5 0
1301 6 9 0
1302 10 26 0
1303 27 99 0
1304 0 99 0
1305 0 59 0
1306 60 60 0
1307 61 61 0
1308 62 62 0
1309 63 65 0
1310 66 84 0
1311 85 85 0
1312 86 89 0
1313 90 90 0
1314 91 91 0
1315 92 93 0
1316 94 94 0
1317 95 96 0
1318 97 97 0
1319 98 99 0
1320 0 4 0
1321 5 9 0
1322 10 24 0
1323 25 25 0
1324 26 26 0
1325 27 35 0
1326 36 36 0
1327 37 39 0
1328 40 40 0
1329 41 43 0
1330 44 45 0
1331 46 46 0
1332 47 48 0
1333 49 99 0
1334 0 16 0
1335 17 17 0
1336 18 24 0
1337 25 36 0
1338 37 38 0
1339 39 41 0
1340 42 99 0
1341 0 99 0
1342 0 99 0
1343 0 20 0
1344 21 21 0
1345 22 28 0
1346 29 30 0
1347 31 36 0
1348 37 38 0
1349 39 42 0
1350 43 43 0
1351 44 44 0
1352 45 47 0
1353 48 48 0
1354 49 50 0
1355 51 51 0
1356 52 52 0
1357 53 99 0
1358 0 55 0
1359 56 59 0
1360 60 61 0
1361 62 62 0
1362 63 99 0
1363 0 99 0
1364 0 99 0
1365 0 17 0
1366 18 19 0
1367 20 23 0
1368 24 24 0
1369 25 25 0
1370 26 96 0
1371 97 97 0
1372 98 99 0
1373 0 0 0
1374 1 1 0
1375 2 2 0
1376 3 3 0
1377 4 6 0
1378 7 7 0
1379 8 24 0
1380 25 25 0
1381 26 80 0
1382 81 83 0
1383 84 87 0
1384 88 99 0
1385 0 99 0
1386 0 99 0
1387 0 33 0
1388 34 43 0
1389 44 44 0
1390 45 45 0
1391 46 46 0
1392 47 72 0
1393 73 85 0
1394 86 86 0
1395 87 99 0
1396 0 10 0
1397 11 11 0
1398 12 16 0
1399 17 18 0
1400 19 21 0
1401 22 24 0
1402 25 27 0
1403 28 28 0
1404 29 31 0
1405 32 34 0
1406 35 58 0
1407 59 66 0
1408 67 89 0
1409 90 90 0
1410 91 91 0
1411 92 92 0
1412 93 94 0
1413 95 97 0
1414 98 99 0
1415 0 30 0
1416 31 83 0
1417 84 84 0
1418 85 85 0
1419 86 86 0
1420 87 99 0
1421 0 53 0
1422 54 54 0
1423 55 55 0
1424 56 58 0
1425 59 75 0
1426 76 77 0
1427 78 78 0
1428 79 82 0
1429 83 83 0
1430 84 99 0
1431 0 22 0
1432 23 24 0
1433 25 25 0
1434 26 43 0
1435 44 53 0
1436 54 54 0
1437 55 55 0
1438 56 57 0
1439 58 58 0
1440 59 59 0
1441 60 62 0
1442 63 63 0
1443 64 64 0
1444 65 65 0
1445 66 67 0
1446 68 73 0
1447 74 74 0
1448 75 76 0
1449 77 79 0
1450 80 80 0
1451 81 81 0
1452 82 82 0
1453 83 84 0
1454 85 86 0
1455 87 90 0
1456 91 92 0
1457 93 95 0
1458 96 97 0
1459 98 98 0
1460 99 99 0
1461 0 99 0
1462 0 99 0
1463 0 61 0
1464 62 62 0
1465 63 63 0
1466 64 70 0
1467 71 71 0
1468 72 72 0
1469 73 99 0
1470 0 37 0
1471 38 39 0
1472 40 44 0
1473 45 86 0
1474 87 87 0
1475 88 89 0
1476 90 99 0
1477 0 89 0
1478 90 91 0
1479 92 93 0
1480 94 99 0
1481 0 99 0
1482 0 68 0
1483 69 97 0
1484 98 99 0
1485 0 21 0
1486 22 99 0
1487 0 99 0
1488 0 2 0
1489 3 15 0
1490 16 95 0
1491 96 98 0
1492 99 99 0
1493 0 99 0
1494 0 99 0
1495 0 5 0
1496 6 6 0
1497 7 7 0
1498 8 13 0
1499 14 14 0
1500 15 18 0
1501 19 78 0
1502 79 80 0
1503 81 82 0
1504 83 83 0
1505 84 99 0
1506 0 99 0
1507 0 12 0
1508 13 14 0
1509 15 16 0
1510 17 21 0
1511 22 28 0
1512 29 30 0
1513 31 31 0
1514 32 32 0
1515 33 99 0
1516 0 99 0
1517 0 99 0
1518 0 6 0
1519 7 14 0
1520 15 15 0
1521 16 43 0
1522 44 46 0
1523 47 67 0
1524 68 69 0
1525 70 70 0
1526 71 76 0
1527 77 82 0
1528 83 83 0
1529 84 84 0
1530 85 86 0
1531 87 99 0
1532 0 99 0
1533 0 99 0
1534 0 0 0
1535 1 5 0
1536 6 9 0
1537 10 11 0
1538 12 12 0
1539 13 55 0
1540 56 99 0
1541 0 99 0
1542 0 21 0
1543 22 22 0
1544 23 65 0
1545 66 75 0
1546 76 92 0
1547 93 99 0
1548 0 25 0
1549 26 26 0
1550 27 39 0
1551 40 42 0
1552 43 43 0
1553 44 45 0
1554 46 46 0
1555 47 47 0
1556 48 48 0
1557 49 57 0
1558 58 58 0
1559 59 61 0
1560 62 65 0
1561 66 68 0
1562 69 82 0
1563 83 85 0
1564 86 87 0
1565 88 88 0
1566 89 89 0
1567 90 90 0
1568 91 91 0
1569 92 92 0
1570 93 99 0
1571 0 99 0
1572 0 99 0
1573 0 99 0
1574 0 21 0
1575 22 23 0
1576 24 25 0
1577 26 26 0
1578 27 27 0
1579 28 28 0
1580 29 31 0
1581 32 32 0
1582 33 36 0
1583 37 41 0
1584 42 45 0
1585 46 49 0
1586 50 50 0
1587 51 56 0
1588 57 57 0
1589 58 58 0
1590 59 59 0
1591 60 63 0
1592 64 64 0
1593 65 87 0
1594 88 88 0
1595 89 94 0
1596 95 99 0
1597 0 42 0
1598 43 50 0
1599 51 55 0
1600 56 63 0
1601 64 64 0
1602 65 83 0
1603 84 84 0
1604 85 86 0
1605 87 99 0
1606 0 19 0
1607 20 99 0
1608 0 11 0
1609 12 12 0
1610 13 99 0
1611 0 0 0
1612 1 1 0
1613 2 3 0
1614 4 5 0
1615 6 8 0
1616 9 10 0
1617 11 12 0
1618 13 29 0
1619 30 99 0
1620 0 99 0
1621 0 58 0
1622 59 60 0
1623 61 81 0
1624 82 82 0
1625 83 83 0
1626 84 99 0
1627 0 99 0
1628 0 12 0
1629 13 15 0
1630 16 99 0
1631 0 7 0
1632 8 18 0
1633 19 19 0
1634 20 20 0
1635 21 21 0
1636 22 99 0
1637 0 1 0
1638 2 10 0
1639 11 18 0
1640 19 19 0
1641 20 34 0
1642 35 36 0
1643 37 37 0
1644 38 48 0
1645 49 74 0
1646 75 75 0
1647 76 76 0
1648 77 77 0
1649 78 81 0
1650 82 96 0
1651 97 99 0
1652 0 0 0
1653 1 1 0
1654 2 4 0
1655 5 5 0
1656 6 6 0
1657 7 7 0
1658 8 25 0
1659 26 26 0
1660 27 28 0
1661 29 29 0
1662 30 32 0
1663 33 34 0
1664 35 35 0
1665 36 43 0
1666 44 48 0
1667 49 50 0
1668 51 99 0
1669 0 99 0
1670 0 44 0
1671 45 99 0
1672 0 99 0
1673 0 12 0
1674 13 99 0
1675 0 99 0
1676 0 76 0
1677 77 77 0
1678 78 83 0
1679 84 86 0
1680 87 87 0
1681 88 89 0
1682 90 92 0
1683 93 99 0
1684 0 99 0
1685 0 99 0
1686 0 28 0
1687 29 30 0
1688 31 31 0
1689 32 32 0
1690 33 34 0
1691 35 35 0
1692 36 72 0
1693 73 73 0
1694 74 99 0
1695 0 36 0
1696 37 37 0
1697 38 38 0
1698 39 99 0
1699 0 2 0
1700 3 40 0
1701 41 41 0
1702 42 45 0
1703 46 46 0
1704 47 48 0
1705 49 49 0
1706 50 60 0
1707 61 62 0
1708 63 63 0
1709 64 65 0
1710 66 66 0
1711 67 99 0
1712 0 99 0
1713 0 13 0
1714 14 14 0
1715 15 17 0
1716 18 60 0
1717 61 63 0
1718 64 75 0
1719 76 77 0
1720 78 99 0
1721 0 99 0
1722 0 51 0
1723 52 77 0
1724 78 99 0
1725 0 16 0
1726 17 18 0
1727 19 99 0
1728 0 54 0
1729 55 99 0
1730 0 99 0
1731 0 99 0
1732 0 83 0
1733 84 89 0
1734 90 99 0
1735 0 44 0
1736 45 45 0
1737 46 50 0
1738 51 58 0
1739 59 99 0
1740 0 67 0
1741 68 71 0
1742 72 74 0
1743 75 83 0
1744 84 93 0
1745 94 94 0
1746 95 99 0
1747 0 8 0
1748 9 9 0
1749 10 11 0
1750 12 12 0
1751 13 13 0
1752 14 16 0
1753 17 17 0
1754 18 20 0
1755 21 99 0
1756 0 99 0
1757 0 15 0
1758 16 24 0
1759 25 99 0
1760 0 22 0
1761 23 99 0
1762 0 99 0
1763 0 96 0
1764 97 98 0
1765 99 99 0
1766 0 99 0
1767 0 15 0
1768 16 22 0
1769 23 23 0
1770 24 24 0
1771 25 28 0
1772 29 99 0
1773 0 99 0
1774 0 99 0
1775 0 99 0
1776 0 21 0
1777 22 29 0
1778 30 32 0
1779 33 58 0
1780 59 59 0
1781 60 64 0
1782 65 71 0
1783 72 72 0
1784 73 74 0
1785 75 99 0
1786 0 99 0
1787 0 0 0
1788 1 2 0
1789 3 3 0
1790 4 9 0
1791 10 11 0
1792 12 14 0
1793 15 17 0
1794 18 18 0
1795 19 51 0
1796 52 54 0
1797 55 66 0
1798 67 76 0
1799 77 77 0
1800 78 81 0
1801 82 82 0
1802 83 83 0
1803 84 84 0
1804 85 90 0
1805 91 92 0
1806 93 99 0
1807 0 41 0
1808 42 47 0
1809 48 65 0
1810 66 66 0
1811 67 68 0
1812 69 69 0
1813 70 72 0
1814 73 86 0
1815 87 97 0
1816 98 98 0
1817 99 99 0
1818 0 41 0
1819 42 62 0
1820 63 64 0
1821 65 99 0
1822 0 99 0
1823 0 40 0
1824 41 41 0
1825 42 99 0
1826 0 99 0
1827 0 99 0
1828 0 20 0
1829 21 21 0
1830 22 24 0
1831 25 26 0
1832 27 28 0
1833 29 44 0
1834 45 47 0
1835 48 54 0
1836 55 55 0
1837 56 57 0
1838 58 59 0
1839 60 61 0
1840 62 62 0
1841 63 67 0
1842 68 68 0
1843 69 69 0
1844 70 70 0
1845 71 71 0
1846 72 72 0
1847 73 73 0
1848 74 76 0
1849 77 79 0
1850 80 86 0
1851 87 88 0
1852 89 89 0
1853 90 91 0
1854 92 99 0
1855 0 93 0
1856 94 98 0
1857 99 99 0
1858 0 99 0
1859 0 3 0
1860 4 9 0
1861 10 10 0
1862 11 74 0
1863 75 99 0
1864 0 99 0
1865 0 16 0
1866 17 17 0
1867 18 18 0
1868 19 20 0
1869 21 28 0
1870 29 37 0
1871 38 42 0
1872 43 44 0
1873 45 61 0
1874 62 67 0
1875 68 69 0
1876 70 99 0
1877 0 99 0
1878 0 99 0
1879 0 46 0
1880 47 47 0
1881 48 72 0
1882 73 99 0
1883 0 99 0
1884 0 36 0
1885 37 37 0
1886 38 38 0
1887 39 39 0
1888 40 99 0
1889 0 99 0
1890 0 22 0
1891 23 23 0
1892 24 25 0
1893 26 29 0
1894 30 30 0
1895 31 54 0
1896 55 55 0
1897 56 66 0
1898 67 67 0
1899 68 74 0
1900 75 76 0
1901 77 79 0
1902 80 80 0
1903 81 91 0
1904 92 93 0
1905 94 95 0
1906 96 99 0
1907 0 99 0
1908 0 9 0
1909 10 14 0
1910 15 28 0
1911 29 99 0
1912 0 89 0
1913 90 91 0
1914 92 99 0
1915 0 33 0
1916 34 34 0
1917 35 35 0
1918 36 36 0
1919 37 42 0
1920 43 55 0
1921 56 68 0
1922 69 99 0
1923 0 28 0
1924 29 32 0
1925 33 33 0
1926 34 36 0
1927 37 40 0
1928 41 48 0
1929 49 52 0
1930 53 99 0
1931 0 99 0
1932 0 26 0
1933 27 28 0
1934 29 30 0
1935 31 31 0
1936 32 32 0
1937 33 34 0
1938 35 35 0
1939 36 36 0
1940 37 99 0
1941 0 84 0
1942 85 90 0
1943 91 99 0
1944 0 2 0
1945 3 3 0
1946 4 17 0
1947 18 18 0
1948 19 19 0
1949 20 43 0
1950 44 50 0
1951 51 87 0
1952 88 88 0
1953 89 99 0
1954 0 13 0
1955 14 14 0
1956 15 18 0
1957 19 22 0
1958 23 23 0
1959 24 27 0
1960 28 30 0
1961 31 32 0
1962 33 33 0
1963 34 34 0
1964 35 38 0
1965 39 39 0
1966 40 40 0
1967 41 41 0
1968 42 44 0
1969 45 50 0
1970 51 99 0
1971 0 21 0
1972 22 34 0
1973 35 35 0
1974 36 36 0
1975 37 37 0
1976 38 40 0
1977 41 99 0
1978 0 99 0
1979 0 88 0
1980 89 99 0
1981 0 99 0
1982 0 99 0
1983 0 39 0
1984 40 41 0
1985 42 42 0
1986 43 43 0
1987 44 46 0
1988 47 49 0
1989 50 51 0
1990 52 52 0
1991 53 53 0
1992 54 55 0
1993 56 70 0
1994 71 99 0
1995 0 99 0
1996 0 60 0
1997 61 62 0
1998 63 65 0
1999 66 99 0
2000 0 6 0
2001 7 7 0
2002 8 10 0
2003 11 12 0
2004 13 13 0
2005 14 14 0
2006 15 99 0
2007 0 99 0
2008 0 9 0
2009 10 11 0
2010 12 12 0
2011 13 13 0
2012 14 15 0
2013 16 19 0
2014 20 29 0
2015 30 30 0
2016 31 32 0
2017 33 37 0
2018 38 96 0
2019 97 97 0
2020 98 99 0
2021 0 57 0
2022 58 62 0
2023 63 99 0
2024 0 0 0
2025 1 37 0
2026 38 39 0
2027 40 41 0
2028 42 43 0
2029 44 48 0
2030 49 49 0
2031 50 54 0
2032 55 58 0
2033 59 61 0
2034 62 62 0
2035 63 65 0
2036 66 90 0
2037 91 96 0
2038 97 99 0
2039 0 17 0
2040 18 19 0
2041 20 20 0
2042 21 21 0
2043 22 22 0
2044 23 23 0
2045 24 25 0
2046 26 26 0
2047 27 28 0
2048 29 32 0
2049 33 33 0
2050 34 36 0
2051 37 60 0
2052 61 61 0
2053 62 63 0
2054 64 64 0
2055 65 66 0
2056 67 68 0
2057 69 69 0
2058 70 70 0
2059 71 72 0
2060 73 74 0
2061 75 82 0
2062 83 88 0
2063 89 89 0
2064 90 90 0
2065 91 99 0
2066 0 2 0
2067 3 3 0
2068 4 5 0
2069 6 8 0
2070 9 10 0
2071 11 11 0
2072 12 13 0
2073 14 14 0
2074 15 15 0
2075 16 16 0
2076 17 30 0
2077 31 31 0
2078 32 33 0
2079 34 34 0
2080 35 35 0
2081 36 36 0
2082 37 38 0
2083 39 41 0
2084 42 42 0
2085 43 43 0
2086 44 60 0
2087 61 61 0
2088 62 62 0
2089 63 63 0
2090 64 64 0
2091 65 71 0
2092 72 77 0
2093 78 78 0
2094 79 79 0
2095 80 86 0
2096 87 99 0
2097 0 14 0
2098 15 26 0
2099 27 39 0
2100 40 40 0
2101 41 57 0
2102 58 60 0
2103 61 74 0
2104 75 75 0
2105 76 78 0
2106 79 79 0
2107 80 85 0
2108 86 94 0
2109 95 99 0
2110 0 99 0
2111 0 10 0
2112 11 24 0
2113 25 99 0
2114 0 99 0
